4.553361604041627970e+02
4.444687152183046805e+02
4.354015814381772884e+02
4.263867346429028657e+02
4.196424269362619839e+02
4.179796339879304696e+02
4.145234840494671289e+02
4.101408775558645630e+02
4.065073294748922308e+02
4.024816220591364981e+02
4.002490699878125042e+02
3.970625786899884133e+02
3.943658067320221789e+02
3.918904568561698625e+02
3.900131271310502825e+02
3.878892349489237859e+02
3.855447364772279570e+02
3.833824653460826539e+02
3.820347964915704324e+02
3.808993254305059963e+02
3.799093748911852799e+02
3.786675112175119580e+02
3.782943466937860535e+02
3.770833470182477640e+02
3.749663411559689621e+02
3.737315446376010755e+02
3.730990736396933016e+02
3.719612743101619117e+02
3.710829803185156379e+02
3.700009100968682105e+02
3.691602773991942286e+02
3.680607213044639821e+02
3.661629898006335679e+02
3.646157335630562102e+02
3.624261885305513147e+02
3.601959594609072042e+02
3.581177827741699389e+02
3.576137589897942917e+02
3.562142871617046467e+02
