1.100562273805122393e+00
1.098435212846123665e+00
1.096260685340717744e+00
1.094087140385094248e+00
1.091950077811943309e+00
1.091490437383045631e+00
1.089980246833173627e+00
1.088456475620514841e+00
1.087000312194718044e+00
1.085544689623409109e+00
1.084165285201467599e+00
1.082791236706670990e+00
1.081482859908866168e+00
1.080213214255396403e+00
1.078958113749324266e+00
1.077743089191198322e+00
1.076576709287668576e+00
1.075474934070931532e+00
1.074370719069568159e+00
1.073312134325221212e+00
1.072289394150672148e+00
1.071320549938730826e+00
1.070365605479196347e+00
1.069446797767757751e+00
1.067989831427063940e+00
1.066741444574039299e+00
1.065494810869218378e+00
1.064284530653661243e+00
1.063084003684624301e+00
1.061923648188298541e+00
1.060779105382688936e+00
1.059699681703605956e+00
1.058594807761654044e+00
1.057535675473391557e+00
1.056501871646164936e+00
1.055513031548266367e+00
1.054534049872180024e+00
1.053584923900405590e+00
1.052666393143423917e+00
