5.121820463827031062e+02
4.992718879844870798e+02
4.888480215642365465e+02
4.788868182181715838e+02
4.711590464085979875e+02
4.692586959347266884e+02
4.654597333666465602e+02
4.606045648498646869e+02
4.566158316042789806e+02
4.520881817040578312e+02
4.497851135506492142e+02
4.462978149296636730e+02
4.433488687600739695e+02
4.406492106781012694e+02
4.386738262217581905e+02
4.363980969589453593e+02
4.336643710226572921e+02
4.311358252028218772e+02
4.295938320484360702e+02
4.283800345205035569e+02
4.273526923570525469e+02
4.258992895087576471e+02
4.256664998301129685e+02
4.242647924979081608e+02
4.218354717521189059e+02
4.204322003381610671e+02
4.198799576603518062e+02
4.186254023870184255e+02
4.176796056372111821e+02
4.164157842045934785e+02
4.155548782166507067e+02
4.142827717549257613e+02
4.119876585561011098e+02
4.101546085207852457e+02
4.075215692044276352e+02
4.048069122537523299e+02
4.023806928938888632e+02
4.019066978684371634e+02
4.003050755068127273e+02
