4.430092500870008507e+02
4.354387059751774132e+02
4.286709497366425694e+02
4.213519811100408106e+02
4.163748504280029010e+02
4.151060015785690211e+02
4.124571156933765224e+02
4.089771054083257695e+02
4.060854772957034129e+02
4.029513238923420886e+02
4.011127659455660250e+02
3.985415547417270545e+02
3.963963256191638038e+02
3.944266755766534516e+02
3.929303702707720731e+02
3.912014648977946081e+02
3.892535528829954501e+02
3.874213222129218934e+02
3.863250647804239293e+02
3.853821990770223351e+02
3.845538547978533188e+02
3.835506426176360719e+02
3.832478080929569160e+02
3.822501311109282938e+02
3.804689510961134715e+02
3.794863110517798646e+02
3.789907632608669132e+02
3.780728075912787176e+02
3.773903435834169500e+02
3.765471958174782117e+02
3.758736660055550374e+02
3.749965692574352829e+02
3.733999734599757971e+02
3.721219058917535563e+02
3.702273579753168065e+02
3.682917845934108527e+02
3.664655243852399167e+02
3.660528080938751714e+02
3.648121929272774082e+02
