4.314512340811704689e+02
4.246082950605245401e+02
4.184611093597245599e+02
4.117349525728508866e+02
4.072339489188392463e+02
4.060745761794715349e+02
4.036967509710720492e+02
4.005214890684394504e+02
3.978935623704105069e+02
3.950339636447086491e+02
3.933902664530197626e+02
3.910468467501759733e+02
3.891030084061109164e+02
3.873210540237259920e+02
3.859877285201651489e+02
3.844257352167978752e+02
3.826504754249615416e+02
3.809778973636879300e+02
3.800120717835087021e+02
3.791868216832527878e+02
3.784677151176252323e+02
3.775787312885192932e+02
3.773582642018213846e+02
3.764684610361168779e+02
3.748620837414895277e+02
3.740103125189353364e+02
3.736252671416862086e+02
3.728302891469193128e+02
3.722619642123614767e+02
3.715359073600543525e+02
3.709694392356466324e+02
3.702018011280117094e+02
3.687374515385366749e+02
3.675768249329358923e+02
3.658130969773632160e+02
3.640043695433137145e+02
3.622976550063938816e+02
3.619630800768547374e+02
3.608203393640208105e+02
