4.700851225336588755e+02
4.617204372694416747e+02
4.550025871984386754e+02
4.482977904806118090e+02
4.430299677652404853e+02
4.416416946082524078e+02
4.392650696373179358e+02
4.358276834914853453e+02
4.330873708217053490e+02
4.296954809308584231e+02
4.282972418021557814e+02
4.257338445782243639e+02
4.235775403795827287e+02
4.216043337722519482e+02
4.202821617887986463e+02
4.186968773460808393e+02
4.164988121596602468e+02
4.145166729803140129e+02
4.134529721085966685e+02
4.126829578309232147e+02
4.121004895588642398e+02
4.110486227527632082e+02
4.111174236192116496e+02
4.100841249218278790e+02
4.083222151141097243e+02
4.074305813321910250e+02
4.065761172471482610e+02
4.064443527432848100e+02
4.054164607942834095e+02
4.038137729069912893e+02
4.033545690439455029e+02
4.027565229192120455e+02
4.010557598453923447e+02
3.999671258101411695e+02
3.979637832408622558e+02
3.946557038980724883e+02
3.937225860484172699e+02
3.912019245154718874e+02
3.890258885806962894e+02
