4.830093670302737792e+02
4.735959271805479034e+02
4.659190398003109976e+02
4.583189385068964157e+02
4.523640652116523029e+02
4.508316611600005217e+02
4.480261027366427697e+02
4.441663210609236785e+02
4.410564097951930194e+02
4.373178089540630253e+02
4.356200059214554585e+02
4.327645327385498604e+02
4.303503975303657398e+02
4.281415021274437436e+02
4.266010903288819236e+02
4.248091585961066698e+02
4.224172766325029329e+02
4.202588270674212367e+02
4.190368506252762018e+02
4.181202921859083972e+02
4.174008548650798502e+02
4.162220066281640811e+02
4.161752626019588206e+02
4.150264899872580031e+02
4.130841355701742259e+02
4.120514090266702851e+02
4.110574183446846632e+02
4.108043103756564278e+02
4.096503900722358935e+02
4.079252541356881352e+02
4.073575613868785013e+02
4.066592852915995309e+02
4.048473343251091023e+02
4.036633779682663317e+02
4.015591673122154361e+02
3.981410212627878309e+02
3.971203254382604655e+02
3.945043346992305260e+02
3.922368918236606987e+02
