4.772966675727907386e+02
4.676633657028083917e+02
4.590817853410422913e+02
4.499793486856251548e+02
4.436077021802153695e+02
4.420177411215142911e+02
4.385546212886115427e+02
4.341620340972962708e+02
4.304772250457444898e+02
4.265289067435506922e+02
4.240899003136178180e+02
4.208331427885125890e+02
4.180822343270440342e+02
4.155477751047742458e+02
4.135551450523689141e+02
4.113208601073114892e+02
4.088584689817542426e+02
4.065493563152333536e+02
4.050601037188794749e+02
4.037579435639538019e+02
4.025945564676280810e+02
4.012500222559945087e+02
4.006877795464935730e+02
3.993673402504782644e+02
3.970625296435547966e+02
3.956867851075962790e+02
3.948504561065435610e+02
3.935615861586638857e+02
3.925340907222629880e+02
3.913420046214311014e+02
3.903435042469371865e+02
3.891394627206778978e+02
3.871545937668141733e+02
3.855291941684546373e+02
3.832509395990113603e+02
3.809446113836045811e+02
3.787648992703562953e+02
3.781131943130233708e+02
3.765835334617051444e+02
