4.450549521435309543e+02
4.348589508492706273e+02
4.263629764318377511e+02
4.179065103475654155e+02
4.116297689983339296e+02
4.100735334537919243e+02
4.068837792053914200e+02
4.027984080424706690e+02
3.994209253698199973e+02
3.956611691036115985e+02
3.936192359016432647e+02
3.906540363914912177e+02
3.881520501818336015e+02
3.858585365394961855e+02
3.841398885119362490e+02
3.821763717010151709e+02
3.798821295412091672e+02
3.777474330969310472e+02
3.764365419418602414e+02
3.753610169325849597e+02
3.744347408347614419e+02
3.732149995220312917e+02
3.729249971703429765e+02
3.717400295289996279e+02
3.696714545543544546e+02
3.685029873183864879e+02
3.679787993531302845e+02
3.669609888301561682e+02
3.661940081143288808e+02
3.652255934537551525e+02
3.644893070151589427e+02
3.634962128039598497e+02
3.617262024346867975e+02
3.602928332867572294e+02
3.582295963129311644e+02
3.561214083777075530e+02
3.541591358824369991e+02
3.537311967587442041e+02
3.524249699369264022e+02
