9.576923113580582125e-01
9.612935583281293495e-01
9.643385154782881941e-01
9.669211800202859308e-01
9.691236527721482918e-01
9.695613877213149490e-01
9.709224967465813760e-01
9.721893292727321612e-01
9.733134238490910306e-01
9.743631634630780525e-01
9.752975527992410187e-01
9.761761559745226746e-01
9.769691666684634512e-01
9.777017925274924526e-01
9.783933694180082519e-01
9.790344416211709255e-01
9.796255494901668914e-01
9.801636051237415659e-01
9.806843743841250349e-01
9.811673482733430651e-01
9.816197425455593928e-01
9.820361246538541478e-01
9.824355584704624889e-01
9.828101081950162410e-01
9.833855178362520544e-01
9.838615787612933206e-01
9.843223502169802241e-01
9.847565363582451159e-01
9.851751600509366380e-01
9.855689856660158066e-01
9.859476050516052803e-01
9.862961808580051892e-01
9.866448461637815637e-01
9.869717197046152801e-01
9.872841492344084369e-01
9.875771318888533212e-01
9.878617888484890752e-01
9.881328391107735420e-01
9.883907163853055122e-01
