4.899770652087021290e+02
4.795397773037502134e+02
4.702531601795678853e+02
4.604609044439600325e+02
4.535515893567820740e+02
4.518383418375959764e+02
4.480614158243189991e+02
4.433191918028489340e+02
4.393308799049977438e+02
4.350724834069064286e+02
4.324038130639751216e+02
4.288867032322673936e+02
4.259060733430297887e+02
4.231578270740276935e+02
4.209771105183613145e+02
4.185520599028213837e+02
4.158963569531604207e+02
4.134084253603065235e+02
4.117713814584255942e+02
4.103341484316125616e+02
4.090448656880463432e+02
4.075726724198647162e+02
4.069126841704795652e+02
4.054718949874081204e+02
4.029723637856141636e+02
4.014503024197812806e+02
4.004867847291482121e+02
3.990603534095304781e+02
3.979049392626166082e+02
3.965839766146839338e+02
3.954653638701399814e+02
3.941411096347602552e+02
3.920142325392062048e+02
3.902618454766359832e+02
3.878438810716033913e+02
3.854027957084227296e+02
3.830950019509948561e+02
3.823559897895290192e+02
3.807210836082042533e+02
