1.058004152496979211e+00
1.056823744744229243e+00
1.055614996146709172e+00
1.054404768591038932e+00
1.053212875471100096e+00
1.052956265666622482e+00
1.052112509512299177e+00
1.051260167856971517e+00
1.050444705273871904e+00
1.049628627557701810e+00
1.048854432232015244e+00
1.048082420791530245e+00
1.047346543245154082e+00
1.046631735981484290e+00
1.045924425834043880e+00
1.045239044292574082e+00
1.044580494544351756e+00
1.043957873403740688e+00
1.043333338814803835e+00
1.042734109096589590e+00
1.042154701361590607e+00
1.041605401905509432e+00
1.041063577879270952e+00
1.040541877240710233e+00
1.039713843837115848e+00
1.039003603994742342e+00
1.038293671804598972e+00
1.037603781806503145e+00
1.036918807729635184e+00
1.036256143834783261e+00
1.035601922040991107e+00
1.034984386330746853e+00
1.034351750959493277e+00
1.033744793489190794e+00
1.033151865996747354e+00
1.032584278105578734e+00
1.032021916017272556e+00
1.031476292446087184e+00
1.030947870793979204e+00
