4.334435642111556035e+02
4.240429598429961970e+02
4.162081060473665843e+02
4.083681219786416818e+02
4.025930388195097862e+02
4.011515990288705211e+02
3.982417891175149407e+02
3.944705364924416813e+02
3.913634536726329429e+02
3.878870489399943722e+02
3.860410070154474056e+02
3.833076558353853898e+02
3.810104198341823576e+02
3.789072705541185542e+02
3.773525647768893805e+02
3.755569594092733610e+02
3.734380236182221893e+02
3.714649002118930525e+02
3.702851387077377012e+02
3.693267393657384332e+02
3.685087512610430167e+02
3.674040149066470917e+02
3.671940886230684669e+02
3.661173285043339547e+02
3.642237069662046451e+02
3.631854784671429002e+02
3.627692032055484788e+02
3.618725515934784198e+02
3.612177763977486507e+02
3.603649788428419924e+02
3.597336181261345587e+02
3.588484901307920154e+02
3.572094470305486880e+02
3.558922321129642796e+02
3.539583859270001085e+02
3.519756729862821771e+02
3.501312289672098359e+02
3.497791320470344658e+02
3.485686600346315913e+02
