5.175243223312087366e+02
5.028079611594238258e+02
4.912172624528254801e+02
4.805552889101116989e+02
4.719088266880166884e+02
4.698083551616383033e+02
4.656299066322366684e+02
4.603584659493842537e+02
4.560400270821052118e+02
4.510665261721058528e+02
4.486366338737335582e+02
4.448844282616271357e+02
4.416911906827136818e+02
4.387676505037685502e+02
4.366511065437838965e+02
4.342043980907206446e+02
4.312363120358986066e+02
4.284944482060293467e+02
4.268011283364847372e+02
4.255048808227135169e+02
4.244113362033008343e+02
4.228015902894011333e+02
4.225866738460925944e+02
4.210681497713864019e+02
4.184228923567179095e+02
4.168390940600952490e+02
4.162560184112207367e+02
4.149451875546939164e+02
4.138956866400756098e+02
4.124169518684439595e+02
4.114659676259790899e+02
4.100830397204546784e+02
4.076661888002819296e+02
4.056821146110056588e+02
4.028915787406273239e+02
3.998798440469908542e+02
3.971808620449879186e+02
3.968603139399284601e+02
3.948832489959474970e+02
