5.816589132576766588e+02
5.638625829086363410e+02
5.493517123710267924e+02
5.355597237149955845e+02
5.247177620621989718e+02
5.221072100126677924e+02
5.165601009636810659e+02
5.097531510507291728e+02
5.040857889763161666e+02
4.978064553704530795e+02
4.942848190674365014e+02
4.893664405852815662e+02
4.851584299032651870e+02
4.812810234506858933e+02
4.782952518851413402e+02
4.749910338546214916e+02
4.711848520173589350e+02
4.676701098169644411e+02
4.653264605619655754e+02
4.633924832893043799e+02
4.617029999151034190e+02
4.595470867488904219e+02
4.588196372926622644e+02
4.567634750107796435e+02
4.532748930573537791e+02
4.510748018395904637e+02
4.498638835775947769e+02
4.478702719307170241e+02
4.462417378585658980e+02
4.442698839555170025e+02
4.427699191285050802e+02
4.408584011535987770e+02
4.377624503298927152e+02
4.352539888965445698e+02
4.318610121795130112e+02
4.284503247369286782e+02
4.252698896868300835e+02
4.244012922819395612e+02
4.222196746377360341e+02
