4.537817330464433212e+02
4.471170405510038677e+02
4.417796927557171784e+02
4.362551316792195735e+02
4.319458668806674950e+02
4.307575167585841882e+02
4.289312817711277148e+02
4.260395481667788999e+02
4.237677609091327895e+02
4.208305920544441960e+02
4.197869279907173450e+02
4.175880692877109936e+02
4.157523612726698730e+02
4.140718062155546022e+02
4.130106537860722824e+02
4.116746418323380112e+02
4.097201059682919890e+02
4.079568330959126570e+02
4.070846788551962732e+02
4.064870903106588003e+02
4.060629570751261781e+02
4.051664338166061157e+02
4.053624593546301185e+02
4.044697304315114934e+02
4.029260389352140805e+02
4.022028153990442547e+02
4.015071287378768830e+02
4.015190613686492043e+02
4.006387951144274666e+02
3.991830592331435810e+02
3.988522980856723734e+02
3.983733451777826531e+02
3.968062630678170990e+02
3.958392181218073347e+02
3.939628202093148275e+02
3.907859149092640791e+02
3.899565237679425422e+02
3.875440754426140302e+02
3.854710642180459104e+02
