1.018614890211947399e+00
1.018249896603923066e+00
1.017875565703746821e+00
1.017500193543652509e+00
1.017129936376222732e+00
1.017050147141101313e+00
1.016787606952756828e+00
1.016522105356377992e+00
1.016267818227339248e+00
1.016013071349849639e+00
1.015771150346779894e+00
1.015529670819124153e+00
1.015299269401493287e+00
1.015075255116206554e+00
1.014853386448457018e+00
1.014638202567967440e+00
1.014431262955156843e+00
1.014235451031715307e+00
1.014038878615841188e+00
1.013850121302372065e+00
1.013667468420766049e+00
1.013494180110579235e+00
1.013323129061223016e+00
1.013158317160882893e+00
1.012896501514250591e+00
1.012671706516314218e+00
1.012446801448411371e+00
1.012228046734615639e+00
1.012010656497909666e+00
1.011800162355829924e+00
1.011592171620126601e+00
1.011395681494316134e+00
1.011194222882077609e+00
1.011000785017311498e+00
1.010811670628334769e+00
1.010630501229549338e+00
1.010450867472091563e+00
1.010276454360195419e+00
1.010107421481937662e+00
