5.666058284657938202e+02
5.498978099383044764e+02
5.363012654707732736e+02
5.233686798026271845e+02
5.132135928602732520e+02
5.107593318756098597e+02
5.055999277115974451e+02
4.992237400042176318e+02
4.939271550186141440e+02
4.880309632928625660e+02
4.847811081017949846e+02
4.801772020763817181e+02
4.762461328221556869e+02
4.726256864445721249e+02
4.698627486616757665e+02
4.667847546442338853e+02
4.632113601874543747e+02
4.599107576223060505e+02
4.577423125188273616e+02
4.559659410025007560e+02
4.544223141839109985e+02
4.524181606572197438e+02
4.518006659171014689e+02
4.498867033552178327e+02
4.466273418114452625e+02
4.445988385257670643e+02
4.435326367533409666e+02
4.416989387904246769e+02
4.402184479975757085e+02
4.383976086628216535e+02
4.370353957597883436e+02
4.352639122434665069e+02
4.323356897694141594e+02
4.299757241029711281e+02
4.267468091504467225e+02
4.234941839346140000e+02
4.204630864715896905e+02
4.196919430626833218e+02
4.176311315964298387e+02
