5.402311205309207480e+02
5.252867754457213323e+02
5.131950087463587806e+02
5.017010509243968954e+02
4.927165490586915553e+02
4.905297546964337698e+02
4.860373323695155250e+02
4.804060799197262668e+02
4.757514483492153659e+02
4.705244538928399152e+02
4.677441524633119343e+02
4.636892075430276918e+02
4.602394740441662293e+02
4.570749864486467686e+02
4.547011956060886746e+02
4.520175455806629543e+02
4.488564286911911267e+02
4.459349418037828059e+02
4.440747453977600117e+02
4.425783941187644359e+02
4.412904356845270968e+02
4.395582844102241324e+02
4.391346257176520567e+02
4.374712854056106153e+02
4.346198188146521488e+02
4.329018038201626268e+02
4.320912140854948689e+02
4.305434144237229930e+02
4.293266239322468323e+02
4.277821071096976766e+02
4.266696999744024197e+02
4.251362497614819063e+02
4.225228793838242609e+02
4.204089357998652758e+02
4.174622105397318705e+02
4.144437048881899273e+02
4.117340333612551149e+02
4.110800226062582965e+02
4.092509843696134908e+02
