4.675611057692874510e+02
4.558485150674140982e+02
4.460708673201807528e+02
4.363858632856487816e+02
4.291038366527333210e+02
4.273182122767060491e+02
4.235587072690672130e+02
4.188372035894838632e+02
4.149116376283013210e+02
4.105827421472252468e+02
4.081362444184888432e+02
4.047003372255053364e+02
4.017836206717806249e+02
3.991039227532189102e+02
3.970495646357097144e+02
3.947452427773834529e+02
3.922162297463893879e+02
3.898841216275483816e+02
3.883976436162006394e+02
3.871368409933406838e+02
3.860306911239730425e+02
3.846680174696137442e+02
3.842070288396781734e+02
3.828823104213840907e+02
3.805813938411173467e+02
3.792090164242978290e+02
3.784600499484591865e+02
3.771932907463693141e+02
3.761954838888970016e+02
3.749914048749581070e+02
3.740390082387357324e+02
3.728255496578958059e+02
3.707911947002928628e+02
3.691223804137555362e+02
3.667982048063400953e+02
3.644378921017210473e+02
3.622369166892402745e+02
3.616522279376032998e+02
3.601532266079843225e+02
