1.078863676909958214e+00
1.077227783613375456e+00
1.075553972831577942e+00
1.073879490312748430e+00
1.072231719798364624e+00
1.071877135788215751e+00
1.070711666819655461e+00
1.069535016006776695e+00
1.068409912998163680e+00
1.067284583928997943e+00
1.066217583796064572e+00
1.065154150820732504e+00
1.064141009351217360e+00
1.063157360427560816e+00
1.062184496883780582e+00
1.061242239180384850e+00
1.060337281339663651e+00
1.059482066251005827e+00
1.058624584751036490e+00
1.057802187118906501e+00
1.057007310532428246e+00
1.056254026332129614e+00
1.055511267592346369e+00
1.054796351979342184e+00
1.053662168779781583e+00
1.052689836498771792e+00
1.051718391442181710e+00
1.050774817461027633e+00
1.049838401763601103e+00
1.048932897840497036e+00
1.048039326844393493e+00
1.047196225435660599e+00
1.046332873051424528e+00
1.045504909240610569e+00
1.044696411139877990e+00
1.043922768037067295e+00
1.043156539719865217e+00
1.042413395407273180e+00
1.041693940621049697e+00
