9.188191949402852998e-01
9.254718366633599702e-01
9.311329328073240097e-01
9.359607043722690811e-01
9.400968946258549952e-01
9.409210564977296132e-01
9.434882151023795682e-01
9.458836699806020265e-01
9.480141714700157651e-01
9.500079645667075523e-01
9.517861067508129880e-01
9.534610486667189910e-01
9.549752899303418641e-01
9.563763150330926166e-01
9.577006845194756535e-01
9.589299399832450499e-01
9.600647576002067085e-01
9.610988684539636395e-01
9.621007956113607484e-01
9.630309223114504880e-01
9.639029580161261324e-01
9.647062616243874400e-01
9.654774856260979199e-01
9.662012138668018002e-01
9.673140950571825769e-01
9.682357818553233297e-01
9.691286900201673271e-01
9.699708214085408509e-01
9.707834507681002423e-01
9.715485545491552299e-01
9.722846767713421157e-01
9.729628736062299055e-01
9.736417113276418789e-01
9.742785457251285086e-01
9.748876236982391141e-01
9.754591317473426670e-01
9.760147161370358315e-01
9.765440339445397022e-01
9.770478903214253608e-01
