4.414028474457598463e+02
4.357957196120532330e+02
4.313563310839318774e+02
4.266188054889985324e+02
4.229651278273571506e+02
4.219131626604921621e+02
4.204801219792609004e+02
4.179745103527476999e+02
4.160404709142584352e+02
4.134294845121733033e+02
4.126537207090885886e+02
4.107239131959649967e+02
4.091279445804785269e+02
4.076678835999159105e+02
4.068083106385511769e+02
4.056636283805703442e+02
4.038935304935264980e+02
4.022972572085281513e+02
4.015761650801863425e+02
4.011162610386697907e+02
4.008198808638230162e+02
4.000462224417189532e+02
4.003489835564533337e+02
3.995677735134650561e+02
3.981969632176341065e+02
3.976104127760837628e+02
3.970480203396853085e+02
3.971771468500584206e+02
3.964198864021551003e+02
3.950851446221648189e+02
3.948603969243791312e+02
3.944796169179642789e+02
3.930205777029627257e+02
3.921491453434678078e+02
3.903730409068328981e+02
3.873010136724586232e+02
3.865542952707912150e+02
3.842380442533599307e+02
3.822505451012148114e+02
