4.651358237208746687e+02
4.562606994272799739e+02
4.483425860265510892e+02
4.398887778688243202e+02
4.340247130427687807e+02
4.325513238390144011e+02
4.293837446078807716e+02
4.253213700466940281e+02
4.219232199066391900e+02
4.182687732087186987e+02
4.160462111282292881e+02
4.130361170008312115e+02
4.105029833236795298e+02
4.081713635109007896e+02
4.063568820017460439e+02
4.043037024807904913e+02
4.020254496621689100e+02
3.998868038589397997e+02
3.985381308302393677e+02
3.973642864928406198e+02
3.963204919350538376e+02
3.950977825578627858e+02
3.946280442397309685e+02
3.934225591023521247e+02
3.913039542262630448e+02
3.900680419338664819e+02
3.893527782735661731e+02
3.881954918655283677e+02
3.872903571506824960e+02
3.862219604959804542e+02
3.853384664833647548e+02
3.842499475650296290e+02
3.824020580874831694e+02
3.808990998199757314e+02
3.787558736287888337e+02
3.765799605413011477e+02
3.745242695998296654e+02
3.739564491449521029e+02
3.725285303909364529e+02
