4.315942926758076510e+02
4.234500936913798910e+02
4.164456865366483953e+02
4.091357078209734368e+02
4.039661926187321228e+02
4.026585821000905412e+02
3.999999432976464391e+02
3.965103750911413840e+02
3.936296796683835737e+02
3.904457768064695529e+02
3.886926849103744530e+02
3.861445362903781415e+02
3.840126221446027444e+02
3.820627134059062655e+02
3.806078746154684040e+02
3.789255155113302180e+02
3.769679233160960621e+02
3.751360214013787981e+02
3.740583367061178706e+02
3.731627658806191334e+02
3.723880650797761973e+02
3.713838706682626025e+02
3.711722973991360277e+02
3.701841098772140413e+02
3.684259927497768103e+02
3.674611399498983815e+02
3.670469256261687860e+02
3.661589218475480720e+02
3.655149003264357361e+02
3.646762274768233851e+02
3.640530232906780270e+02
3.631753650130686992e+02
3.615560562264530517e+02
3.602599531054017916e+02
3.583437973713188285e+02
3.563658383549661721e+02
3.545497380823547928e+02
3.542218136830532558e+02
3.530119895693850367e+02
