4.910436218534819091e+02
4.778009657672166668e+02
4.666979319378760920e+02
4.557276124450560246e+02
4.474373201229786332e+02
4.454207815224320370e+02
4.410782806725244427e+02
4.357067744502618325e+02
4.312182540610054389e+02
4.263118514353791966e+02
4.234430781631104423e+02
4.195250575187436652e+02
4.161830971497470841e+02
4.131079545620641511e+02
4.107069309525757035e+02
4.080509194178683288e+02
4.051673785513410166e+02
4.025081081816539381e+02
4.007518079626182157e+02
3.992443476886764415e+02
3.979084654290865046e+02
3.963123475591023634e+02
3.956734292519525980e+02
3.941286108991581614e+02
3.914712765265005032e+02
3.898312834818007104e+02
3.888502319494558037e+02
3.873316963014517000e+02
3.860999811841070368e+02
3.846599306065456858e+02
3.834876168810064314e+02
3.820536303673627572e+02
3.797585155749238766e+02
3.778561374782052553e+02
3.752752300882900158e+02
3.726669780393932001e+02
3.702301739839653010e+02
3.694856011642322073e+02
3.677936731414366136e+02
