5.257996859473479390e+02
5.119165250219159589e+02
5.006941544442033774e+02
4.899983065665969093e+02
4.816673349631317365e+02
4.796293375322057955e+02
4.754974602366734757e+02
4.702691428826177571e+02
4.659600895726700855e+02
4.610955562882601271e+02
4.585628982523015793e+02
4.548019557960581096e+02
4.516114746888621880e+02
4.486875039709792077e+02
4.465198987950724927e+02
4.440471504294496299e+02
4.411067372501742625e+02
4.383880620376645538e+02
4.366921864671357980e+02
4.353417625545530427e+02
4.341883774968691228e+02
4.325999466731067287e+02
4.322749405211156954e+02
4.307464130893778815e+02
4.281123187417357485e+02
4.265563682858131074e+02
4.258789283447806042e+02
4.244820430895357504e+02
4.234046576028216577e+02
4.220044166521885813e+02
4.210212897838294452e+02
4.196220408984041796e+02
4.171718713058547792e+02
4.152018942602530842e+02
4.124157876960188105e+02
4.095527466472237279e+02
4.069882917027145481e+02
4.064266830064999567e+02
4.047137804663591965e+02
