4.783356221862433699e+02
4.659676180424066274e+02
4.556110154095849225e+02
4.453538014779212517e+02
4.376274851796147232e+02
4.357396649794509358e+02
4.317196516085974736e+02
4.267068580905419708e+02
4.225280896200667371e+02
4.179403084758615137e+02
4.153014552167322222e+02
4.116472884414523605e+02
4.085378679387075067e+02
4.056786390631561403e+02
4.034660321434735124e+02
4.010011447125316977e+02
3.983110486704965751e+02
3.958298918317337893e+02
3.942201333275718866e+02
3.928458730977357618e+02
3.916337683023130012e+02
3.901643781303309879e+02
3.896204614902698609e+02
3.881948342098207263e+02
3.857301128054047012e+02
3.842345773954480705e+02
3.833776726150928198e+02
3.819945415860503886e+02
3.808884738220053237e+02
3.795755683969615006e+02
3.785208867441713778e+02
3.772053734517610906e+02
3.750508058711910166e+02
3.732739284707520255e+02
3.708311296329869151e+02
3.683561165238602371e+02
3.660454817762115454e+02
3.653856213562401081e+02
3.637966137940429121e+02
