5.521695135415338882e+02
5.364900861943855261e+02
5.237556878283644437e+02
5.116323884762907710e+02
5.021269497262892401e+02
4.998207189722547810e+02
4.950270267291001574e+02
4.890582510282958992e+02
4.841123374698108819e+02
4.785797845733297322e+02
4.755862922063425344e+02
4.712806736278940321e+02
4.676124510155643748e+02
4.642360816810020765e+02
4.616844060557623379e+02
4.588213797690476667e+02
4.554699718727350728e+02
4.523737156857388300e+02
4.503720903594743277e+02
4.487455508884740993e+02
4.473405618881099031e+02
4.454813760749187850e+02
4.449679333338174274e+02
4.431899164036856291e+02
4.401499307264966774e+02
4.382855453253231417e+02
4.373571353504246417e+02
4.356765061190870370e+02
4.343377148072758018e+02
4.326619220450522789e+02
4.314316681838237173e+02
4.297948460053602275e+02
4.270285312795163577e+02
4.248118397613964703e+02
4.217415896957676864e+02
4.186420238284638344e+02
4.157556063397738058e+02
4.150781065660469267e+02
4.131341332656024292e+02
