4.548941426191221922e+02
4.465694208387604931e+02
4.391549403726102696e+02
4.312149543805876419e+02
4.257429012655134102e+02
4.243603803661954998e+02
4.214282582455375632e+02
4.176305458333251295e+02
4.144639024596941113e+02
4.110447867162747571e+02
4.090019376203901516e+02
4.061937086523581684e+02
4.038390890626075702e+02
4.016743763296526595e+02
4.000082245722014136e+02
3.981058063755593821e+02
3.959792973552422950e+02
3.939819185769799788e+02
3.927504278030680211e+02
3.916851869535387323e+02
3.907431260837812488e+02
3.896219568714220713e+02
3.892327266958872656e+02
3.881237046872154792e+02
3.861621193547160260e+02
3.850443805339942855e+02
3.844339309778677034e+02
3.833889540966195568e+02
3.825885120873895175e+02
3.816250063994885977e+02
3.808409219108188495e+02
3.798512008041932404e+02
3.781195004249893259e+02
3.767211184921848144e+02
3.746929383803276892e+02
3.726283414382525052e+02
3.706795350740810022e+02
3.701858578749606181e+02
3.688464016189385575e+02
