9.919699368557640673e-01
9.926056003857369747e-01
9.931491927015120291e-01
9.936148571220629888e-01
9.940154434283829943e-01
9.940954498386983529e-01
9.943450704920780980e-01
9.945785697800187952e-01
9.947867217515093952e-01
9.949819363437821806e-01
9.951563858517160632e-01
9.953210180607084956e-01
9.954701159966830026e-01
9.956082905805847538e-01
9.957391060478212319e-01
9.958607034483094589e-01
9.959731118795631666e-01
9.960756737878410094e-01
9.961751619297174454e-01
9.962676253389667336e-01
9.963544061679816544e-01
9.964344264723289379e-01
9.965113231099981261e-01
9.965835483697419450e-01
9.966947314377255784e-01
9.967869252166268179e-01
9.968763373929261373e-01
9.969607525682648852e-01
9.970422910418431650e-01
9.971191330898674376e-01
9.971931304159593612e-01
9.972613620121069111e-01
9.973297127256554040e-01
9.973938836792836105e-01
9.974553022960864768e-01
9.975129717799475770e-01
9.975690707311873906e-01
9.976225504932846322e-01
9.976734874412152010e-01
