9.920582787687315385e-01
9.926782568335750234e-01
9.932096007464448206e-01
9.936656393316125602e-01
9.940585931944564413e-01
9.941371476747223879e-01
9.943823943737821747e-01
9.946120172858049502e-01
9.948168900655895985e-01
9.950091812195415164e-01
9.951811433098087800e-01
9.953435368132249605e-01
9.954906987407571295e-01
9.956271570238280910e-01
9.957564168292545315e-01
9.958766287240394810e-01
9.959878083378209679e-01
9.960892927170417188e-01
9.961877754739236757e-01
9.962793397106356474e-01
9.963653075231714284e-01
9.964446046728344664e-01
9.965208303715187288e-01
9.965924468636010447e-01
9.967027333344510298e-01
9.967942209037280454e-01
9.968829804131605909e-01
9.969668084936512686e-01
9.970478066705743547e-01
9.971241635937537762e-01
9.971977157662275104e-01
9.972655559865039043e-01
9.973335329578925101e-01
9.973973696608141593e-01
9.974584834044792903e-01
9.975158799714514135e-01
9.975717257955892814e-01
9.976249755514924322e-01
9.976757036457282179e-01
