2.291255732294050631e+02
2.354534583783873813e+02
2.403828632959736922e+02
2.449526433345727696e+02
2.487476018163681317e+02
2.496438480303897336e+02
2.514411607079658495e+02
2.536955893515102503e+02
2.555009539004782368e+02
2.576017487024851107e+02
2.586338077573690839e+02
2.601978488693257532e+02
2.615402462338156511e+02
2.627990223061926827e+02
2.636638525724821420e+02
2.646513021339335978e+02
2.659059602422298099e+02
2.670793954898664992e+02
2.677989617417831028e+02
2.683921406565481220e+02
2.688578745611014256e+02
2.695202691774811683e+02
2.696408941436079090e+02
2.702748884457761847e+02
2.713573534207647526e+02
2.720030948077933886e+02
2.722960022866205350e+02
2.729125885327920855e+02
2.734037913437736620e+02
2.740564865519878595e+02
2.745064075987402248e+02
2.752662744337497429e+02
2.764053158824664251e+02
2.773663091422129128e+02
2.786541313278822827e+02
2.799544068743387015e+02
2.810730732237809661e+02
2.812736092323575576e+02
2.819035769442423884e+02
