1.041525756347582377e+00
1.041448968757848537e+00
1.041349591392136453e+00
1.041227624951230002e+00
1.041084174218642522e+00
1.041050133264823430e+00
1.040930047198662667e+00
1.040795680443278304e+00
1.040654408790167018e+00
1.040500159380807865e+00
1.040341547838943503e+00
1.040171119345774109e+00
1.039996942684402681e+00
1.039816499429919938e+00
1.039626751904078938e+00
1.039432001155681018e+00
1.039234545116486386e+00
1.039038347488525638e+00
1.038832063286888818e+00
1.038625032085124467e+00
1.038416209565974579e+00
1.038210255312291830e+00
1.037999363925062646e+00
1.037788925773269089e+00
1.037439787705513705e+00
1.037125236992160415e+00
1.036796623104679904e+00
1.036463435396096866e+00
1.036118878829830781e+00
1.035772299367346383e+00
1.035417160691924021e+00
1.035069942388164632e+00
1.034701995755774151e+00
1.034337200177993799e+00
1.033969569472810601e+00
1.033607112626094171e+00
1.033237734962527465e+00
1.032869513175836307e+00
1.032503597266996254e+00
