3.990390673273003017e+02
3.902462854873389801e+02
3.829430085443563598e+02
3.756688963828524948e+02
3.702537263169380708e+02
3.689050625375056711e+02
3.661855241285927605e+02
3.626681328146030978e+02
3.597732943841913880e+02
3.565255724067295660e+02
3.548119246592484615e+02
3.522662785964137129e+02
3.501247116056704840e+02
3.481643178848692060e+02
3.467171920494837991e+02
3.450466352926673039e+02
3.430700800726160651e+02
3.412315794691922406e+02
3.401287500010008671e+02
3.392380325870636284e+02
3.384769028199618788e+02
3.374436338423603274e+02
3.372516268153047463e+02
3.362449923702826027e+02
3.344811530872071899e+02
3.334851547935891176e+02
3.330749566985424508e+02
3.321735775668743713e+02
3.315040732081442343e+02
3.306206847976112044e+02
3.299932400598892741e+02
3.290875926168501451e+02
3.274430929618432629e+02
3.261167340128379237e+02
3.241945935396062168e+02
3.222213054335787206e+02
3.204044713838172243e+02
3.200766753773676214e+02
3.188963700717639540e+02
