4.447847090486289972e+02
4.327477268853963324e+02
4.227455124284906560e+02
4.129535691734798206e+02
4.055012734009988549e+02
4.036879199853515843e+02
3.998295368901061693e+02
3.950398113419240076e+02
3.910509220742541743e+02
3.866625550011937094e+02
3.841545958104264287e+02
3.806762156930432184e+02
3.777121032146890798e+02
3.749880190844212393e+02
3.728821712548624419e+02
3.705392309192312723e+02
3.678642147549870742e+02
3.653826903246004463e+02
3.637568813231739568e+02
3.623982439275863499e+02
3.612044588914287147e+02
3.597150496805756461e+02
3.592013490385514842e+02
3.577662348144272642e+02
3.553108131497673412e+02
3.537983834857039369e+02
3.529578379439790297e+02
3.515743514380664578e+02
3.504587667554348513e+02
3.491167492527536069e+02
3.480741381018947891e+02
3.467411280659860040e+02
3.445806711593890554e+02
3.427967280238419789e+02
3.403666269924387962e+02
3.379017796657502117e+02
3.356229691660050776e+02
3.349985849849801411e+02
3.334477030524363386e+02
