2.973791721032625901e+02
3.001602303200900792e+02
3.013931958386617680e+02
3.013216325742362756e+02
3.023695149872995671e+02
3.025365335366236650e+02
3.027309832599467541e+02
3.028197022955092734e+02
3.028110182285992096e+02
3.030279336155849705e+02
3.027829843035290196e+02
3.027009978620043285e+02
3.026778944457131502e+02
3.026812454868244231e+02
3.025440181494420813e+02
3.023931156164172194e+02
3.024192675457060204e+02
3.024276856328223175e+02
3.024511236620064665e+02
3.023920545063285772e+02
3.022655671162111162e+02
3.023023642806377325e+02
3.021375598626363512e+02
3.021361055102200908e+02
3.020617998242825024e+02
3.020733602974167979e+02
3.019711988224704555e+02
3.019633213307004667e+02
3.019917029726260012e+02
3.021130401144045550e+02
3.020616673312659373e+02
3.022152359024588009e+02
3.023467537872637081e+02
3.024433758371802696e+02
3.024783123112273415e+02
3.025025148263305255e+02
3.024052406463972602e+02
3.022623761365084079e+02
3.020893384907408290e+02
