4.639112017359448146e+02
4.489765802856426831e+02
4.370738229593218307e+02
4.260940756454223219e+02
4.171865597356605235e+02
4.150518441115025325e+02
4.106042988333280732e+02
4.051440141571438289e+02
4.006218253868043462e+02
3.955223899819726512e+02
3.928134114729031694e+02
3.889002893807669352e+02
3.855423202314689206e+02
3.824572354349520538e+02
3.801246091430510319e+02
3.775121126574632058e+02
3.744484474735854178e+02
3.716246357305941501e+02
3.697626559281408163e+02
3.682688937691747242e+02
3.669777560854070657e+02
3.652448841466871272e+02
3.647714285618386612e+02
3.631474701719650398e+02
3.603429160511373084e+02
3.585730965752764519e+02
3.577022527440076942e+02
3.562010003880233739e+02
3.549333612608007797e+02
3.532872674073539656e+02
3.521267574658759827e+02
3.506048512720294639e+02
3.481611326132672275e+02
3.461213382774941465e+02
3.434030712772262177e+02
3.404865887471908650e+02
3.378352697434028187e+02
3.373035162294035558e+02
3.353382359057022200e+02
