4.094046907888726423e+02
4.009443332353424125e+02
3.937437796264209169e+02
3.863222879785244004e+02
3.810215863514487751e+02
3.796870937450291876e+02
3.769757354266101288e+02
3.734319519436146493e+02
3.705083848182244424e+02
3.672697977870064960e+02
3.654944411253246699e+02
3.629114252287068894e+02
3.607445471200953762e+02
3.587591987733729297e+02
3.572741849811045540e+02
3.555608308152269501e+02
3.535922562614146614e+02
3.517551147059760979e+02
3.506569819138327375e+02
3.497407143990827194e+02
3.489440330397553112e+02
3.479190525756959005e+02
3.476684273434615875e+02
3.466581159802250909e+02
3.448614897915147708e+02
3.438512108228097759e+02
3.433764657805315892e+02
3.424357488195362293e+02
3.417291659277843792e+02
3.408273511403825182e+02
3.401346749233313744e+02
3.391950329271198257e+02
3.375223584524134139e+02
3.361641663833792109e+02
3.341984797780028771e+02
3.321862037369838276e+02
3.303091920258127629e+02
3.298758014548264441e+02
3.286046377292128682e+02
