4.589641623014006768e+02
4.447381893212254340e+02
4.332888499102294304e+02
4.226102605108250714e+02
4.142015291858091928e+02
4.121733521129655742e+02
4.079224020274718896e+02
4.026815624484925138e+02
3.983306319982337982e+02
3.934731582523331781e+02
3.908208875478269420e+02
3.870440299942323463e+02
3.838138206382346880e+02
3.808462597556516585e+02
3.785839118436440458e+02
3.760607666801751634e+02
3.731232408176188073e+02
3.704140070047712356e+02
3.686298216359906519e+02
3.671789748321829734e+02
3.659181150111878651e+02
3.642675361645864314e+02
3.637751371474706730e+02
3.621991250132294908e+02
3.595244733693991748e+02
3.578570940069303106e+02
3.569885858881738159e+02
3.554841838910860474e+02
3.542670897417332867e+02
3.527636498794617523e+02
3.516515783736906542e+02
3.501827675570501128e+02
3.477843717570872286e+02
3.458234780148172831e+02
3.431396266793118457e+02
3.404581930414041153e+02
3.379880976398519579e+02
3.373428477531081739e+02
3.356845864137536637e+02
