9.826361499256816012e-01
9.841493090238147001e-01
9.854235147289915897e-01
9.865005443705601174e-01
9.874163386097697392e-01
9.875980563153341496e-01
9.881624753008616535e-01
9.886869577330469339e-01
9.891516666146371595e-01
9.895850617434561736e-01
9.899703672354103201e-01
9.903322688788223083e-01
9.906585822867244318e-01
9.909597684355833103e-01
9.912438330078956472e-01
9.915069395962422538e-01
9.917493584229754022e-01
9.919698687367084489e-01
9.921831574309123436e-01
9.923808459849265962e-01
9.925659127557308059e-01
9.927361578081405069e-01
9.928993924646577485e-01
9.930523860386272217e-01
9.932872902163180084e-01
9.934815126476786995e-01
9.936693906409252985e-01
9.938463326203187398e-01
9.940168444261107128e-01
9.941771767186640130e-01
9.943312462809670293e-01
9.944730279681255336e-01
9.946147862506747872e-01
9.947476302748494703e-01
9.948745550579692898e-01
9.949935359701335136e-01
9.951090954400332311e-01
9.952190941771519306e-01
9.953237135527445156e-01
