3.832577102974577201e+02
3.762156470360489493e+02
3.701644594817921075e+02
3.638243662003048939e+02
3.593393188685567452e+02
3.581982259622806737e+02
3.559083980843036557e+02
3.528703869176696912e+02
3.503671140491215965e+02
3.475831397529161109e+02
3.460761290294822743e+02
3.438525017145366292e+02
3.419936083732810630e+02
3.402918874750860141e+02
3.390321059758560978e+02
3.375654051311904595e+02
3.358725434072784424e+02
3.342914201406310895e+02
3.333726978649309558e+02
3.326110186542275073e+02
3.319545236131205002e+02
3.310969079290959485e+02
3.309262719226602485e+02
3.300794938448925677e+02
3.285611694283652469e+02
3.277406680127770073e+02
3.273996862198646909e+02
3.266432206321389913e+02
3.261012777636684632e+02
3.253862961228870745e+02
3.248570295887320754e+02
3.241055300827744077e+02
3.226972896306357370e+02
3.215703613612674872e+02
3.198911933930403961e+02
3.181657626500910965e+02
3.165608105568651354e+02
3.162685572560830565e+02
3.152127344645538756e+02
