9.397720227703054707e-01
9.453044900093885428e-01
9.499265235904460480e-01
9.538055855638047920e-01
9.570829940846511397e-01
9.577309594528675696e-01
9.597384587494705022e-01
9.615968868310650342e-01
9.632377448660653929e-01
9.647630610630962833e-01
9.661150323735677725e-01
9.673813238209717502e-01
9.685200999568643887e-01
9.695686411048224373e-01
9.705553155766395435e-01
9.714672208050429969e-01
9.723057318171639540e-01
9.730670442393459796e-01
9.738021312570607213e-01
9.744823127400408236e-01
9.751180682721528603e-01
9.757020514179810533e-01
9.762612148374475440e-01
9.767846091283572951e-01
9.775869223035054123e-01
9.782490966825508893e-01
9.788886134364915836e-01
9.794899807942982761e-01
9.800686455765676985e-01
9.806120047742621360e-01
9.811334470125533391e-01
9.816127023568747001e-01
9.820913056807557551e-01
9.825392940721486834e-01
9.829668536625330022e-01
9.833672400959655446e-01
9.837557314226641481e-01
9.841251807155229070e-01
9.844762491949210492e-01
