1.927460668693647960e+02
1.994678426884277656e+02
2.065150971675144831e+02
2.156291678488964010e+02
2.204998365581411974e+02
2.218629907498881266e+02
2.245831160695432800e+02
2.285439028461011617e+02
2.317789091509370110e+02
2.351569354235305696e+02
2.372431954846820759e+02
2.401496015211890267e+02
2.424694448354136682e+02
2.445458962331281612e+02
2.461069499910539662e+02
2.479943358736358334e+02
2.500875969426718939e+02
2.520618802619445376e+02
2.530145168176956076e+02
2.538741038540237582e+02
2.546334389561533271e+02
2.555263055008527431e+02
2.556369793214052777e+02
2.565733027708461123e+02
2.583846005572709714e+02
2.591529603737097318e+02
2.593588338172248200e+02
2.600777784528274310e+02
2.604662452778683246e+02
2.610368447739652993e+02
2.615351207960747502e+02
2.622257186116750063e+02
2.638824590547317257e+02
2.652226622747999727e+02
2.674364775260285114e+02
2.697703059862943746e+02
2.719354103416504813e+02
2.722088120618026892e+02
2.735429401442557378e+02
