2.553924158528175781e+02
2.610965246593322036e+02
2.653678862342134721e+02
2.692638898679211366e+02
2.724279652609462801e+02
2.731819537893364895e+02
2.745428101849079212e+02
2.763404023901072719e+02
2.777134522555791136e+02
2.793767349139608882e+02
2.800226231794989076e+02
2.811825555272262704e+02
2.821477982131170847e+02
2.830459059892654068e+02
2.835612195842829237e+02
2.842041623584146350e+02
2.851233405217756740e+02
2.859822886369656203e+02
2.864024730162561809e+02
2.867156129618963973e+02
2.869107531154879780e+02
2.873087155506049157e+02
2.871902319462327000e+02
2.875737375979126114e+02
2.882560078817375597e+02
2.885713317731797360e+02
2.885506890112354768e+02
2.888521929187426167e+02
2.890364351040286692e+02
2.893881541455867250e+02
2.895470865080795875e+02
2.900326255357299488e+02
2.908717004632688372e+02
2.915528500049280183e+02
2.925544369817289976e+02
2.935780183088709805e+02
2.944234173340998382e+02
2.943865277288404627e+02
2.947669181391221400e+02
