2.416733777361734781e+02
2.477219144526587797e+02
2.523550882731484535e+02
2.566222203468360021e+02
2.601288479648911220e+02
2.609599706814291835e+02
2.625571714285346161e+02
2.646020314962527209e+02
2.662083538413906467e+02
2.681068142139641850e+02
2.689605493007007908e+02
2.703372732566489276e+02
2.715043475732814500e+02
2.725951996366271715e+02
2.732970645656918123e+02
2.741236335875863119e+02
2.752211333222343228e+02
2.762471307701242154e+02
2.768260316627913085e+02
2.772878122847544091e+02
2.776264446920917521e+02
2.781640402967910859e+02
2.781723560104642843e+02
2.786879914433715157e+02
2.795812388438623088e+02
2.800704377244888974e+02
2.802151140512964957e+02
2.806822448584433687e+02
2.810276707974068700e+02
2.815370255877525096e+02
2.818486142408538626e+02
2.824777653885890345e+02
2.834734670250638260e+02
2.843007792960872280e+02
2.854513194907593174e+02
2.866189733237156361e+02
2.876066177242009303e+02
2.876935424032112110e+02
2.882034813659340102e+02
