1.084931936121470208e+00
1.084248737288090236e+00
1.083475859285488063e+00
1.082632122299398869e+00
1.081736191530519919e+00
1.081535139706982784e+00
1.080854190147999327e+00
1.080135973999953203e+00
1.079420960286373576e+00
1.078678700076888708e+00
1.077950309907423909e+00
1.077200899335416961e+00
1.076465455820330153e+00
1.075731632525898540e+00
1.074986906262171082e+00
1.074247842456867774e+00
1.073521746576245661e+00
1.072821034055203793e+00
1.072104418134399051e+00
1.071404021004047635e+00
1.070714970090544282e+00
1.070051088667243411e+00
1.069386187663674326e+00
1.068736623608827818e+00
1.067686982404908003e+00
1.066768607599950069e+00
1.065834166268689431e+00
1.064910510516375641e+00
1.063978399002458497e+00
1.063062546892314941e+00
1.062144912502751781e+00
1.061266611717505359e+00
1.060354764432099639e+00
1.059468576265630624e+00
1.058592263716475967e+00
1.057743693890390135e+00
1.056893682248092547e+00
1.056060271103974824e+00
1.055245066205853899e+00
