9.837165835039274331e-01
9.850312285429861925e-01
9.861519779219223292e-01
9.871094688471331313e-01
9.879312077760147304e-01
9.880951112525145907e-01
9.886060239329750310e-01
9.890832956824285871e-01
9.895082290279121340e-01
9.899062959028713804e-01
9.902616453983412725e-01
9.905966714520685334e-01
9.908998112768279132e-01
9.911805089333259877e-01
9.914460494517565170e-01
9.916926971454820272e-01
9.919205504273350682e-01
9.921283141557086793e-01
9.923297321279100913e-01
9.925168230165120065e-01
9.926923235198097384e-01
9.928540728022476891e-01
9.930094365443854487e-01
9.931552983385993905e-01
9.933797163337984015e-01
9.935656945412999486e-01
9.937459658286339481e-01
9.939160759569498627e-01
9.940803097204941041e-01
9.942350128669544818e-01
9.943839238382328194e-01
9.945211756537803982e-01
9.946586131549407517e-01
9.947875972263172661e-01
9.949110049482406959e-01
9.950268404905047159e-01
9.951394853160875353e-01
9.952468379141227173e-01
9.953490564389108064e-01
