4.217021539776322356e+02
4.097089539791820698e+02
4.002608575790489454e+02
3.915745942846271532e+02
3.845267815414388224e+02
3.828163896519853893e+02
3.794108781566274615e+02
3.751151726293367119e+02
3.715954483644035236e+02
3.675424047302477675e+02
3.655627188681176563e+02
3.625059528482577207e+02
3.599040166597511643e+02
3.575213121516096635e+02
3.557951135891856893e+02
3.538022637235016532e+02
3.513818055070894388e+02
3.491505768050684537e+02
3.477711400786675995e+02
3.467093938923637779e+02
3.458179043577258653e+02
3.445065332733365722e+02
3.443304587833484334e+02
3.431011743674217200e+02
3.409371715499265179e+02
3.396466692342503393e+02
3.391739322398112790e+02
3.381158514523807526e+02
3.372614321077716113e+02
3.360434422631230973e+02
3.352685662137977260e+02
3.341417360684939695e+02
3.321724501335054924e+02
3.305557970904038143e+02
3.283051843546713826e+02
3.258481981189831345e+02
3.236288505551465846e+02
3.233676632102832968e+02
3.217567214041094985e+02
