9.496567548974744755e-01
9.539090731481142393e-01
9.575092750400411301e-01
9.605663000765236603e-01
9.631757827899719571e-01
9.636946819654395036e-01
9.653087431228396520e-01
9.668117923900522159e-01
9.681461228028140908e-01
9.693927308668155440e-01
9.705027939938764003e-01
9.715469593300217754e-01
9.724897169509174599e-01
9.733609516384382765e-01
9.741836043662932543e-01
9.749463825612076917e-01
9.756498834371639672e-01
9.762903887905524103e-01
9.769104470928684503e-01
9.774856190271523637e-01
9.780244742189816431e-01
9.785205205229901004e-01
9.789964532782164941e-01
9.794428050255046259e-01
9.801286518354324073e-01
9.806962010812435571e-01
9.812456251644903205e-01
9.817634412938117672e-01
9.822627823437032335e-01
9.827326199609897062e-01
9.831843859917950290e-01
9.836003645572267695e-01
9.840165077959829310e-01
9.844066944366605121e-01
9.847796869272178455e-01
9.851295051059871799e-01
9.854694216637865933e-01
9.857931259848624617e-01
9.861011308451552715e-01
