3.861463870011849622e+02
3.787952189292509502e+02
3.724852733461015077e+02
3.659174556086553025e+02
3.612590276644845062e+02
3.600819999357573806e+02
3.576899955828327506e+02
3.545517546411635976e+02
3.519624390873054836e+02
3.490976216976582123e+02
3.475243402529803802e+02
3.452350332250331348e+02
3.433188470134407453e+02
3.415650832514494368e+02
3.402582769739259447e+02
3.387468614010069814e+02
3.370119930338200334e+02
3.353928283401641579e+02
3.344406919724152090e+02
3.336484009438534031e+02
3.329635450431966888e+02
3.320792992030918640e+02
3.318855227337768952e+02
3.310146621335885584e+02
3.294586268876020654e+02
3.286091423968517802e+02
3.282417248821057001e+02
3.274590579752656367e+02
3.268927466910653834e+02
3.261544314673292320e+02
3.256030551689325989e+02
3.248307467522693059e+02
3.233997282622302691e+02
3.222521987418236336e+02
3.205516136163266765e+02
3.188058571090834903e+02
3.171814621512058920e+02
3.168743183339373104e+02
3.158021888031159392e+02
