4.208919933824661825e+02
4.105803228034998824e+02
4.020154157348132458e+02
3.935658133490393880e+02
3.871943873224869890e+02
3.856271847474390597e+02
3.823742905026961125e+02
3.782593341323803315e+02
3.748504848760658774e+02
3.710647768501162886e+02
3.689788700955709828e+02
3.659934377971962931e+02
3.634636839512372717e+02
3.611425982852356356e+02
3.593848375290642707e+02
3.573964558616360137e+02
3.550884536926979536e+02
3.529446537190450499e+02
3.515939401146362115e+02
3.504818422511713152e+02
3.495160381331574513e+02
3.482657718111292979e+02
3.479222982684104863e+02
3.467116094113542886e+02
3.446180984958413660e+02
3.433759948417991268e+02
3.427616865216975839e+02
3.416303584206081609e+02
3.407480821464581595e+02
3.396451781290110716e+02
3.388195497336932362e+02
3.377091071854465554e+02
3.358163663366165110e+02
3.342700197258574804e+02
3.321026465784582342e+02
3.298920734189358654e+02
3.278522743471734771e+02
3.273822696574501947e+02
3.260229793586865981e+02
