8.650053413074498820e-01
8.789684232913268502e-01
8.904393618082827588e-01
8.999169309468149081e-01
9.078105046339457473e-01
9.093582061775646874e-01
9.141253098479413808e-01
9.184999201594368223e-01
9.223307779207030599e-01
9.258646698320150970e-01
9.289745871024531754e-01
9.318680172202025158e-01
9.344538093630501141e-01
9.368209003773347865e-01
9.390360971710303151e-01
9.410727761095090127e-01
9.429364218977319689e-01
9.446208682522612143e-01
9.462403600960762606e-01
9.477327875978154292e-01
9.491224078636096850e-01
9.503943070149661887e-01
9.516080430881809216e-01
9.527404854280364654e-01
9.544695313222084643e-01
9.558902755061636780e-01
9.572569898144296374e-01
9.585373099838389033e-01
9.597648382330178363e-01
9.609134891336389428e-01
9.620121794964637818e-01
9.630188477520819079e-01
9.640211534530414017e-01
9.649566374952093240e-01
9.658470250858057771e-01
9.666786708811749840e-01
9.674836224956984143e-01
9.682473087024962011e-01
9.689713695427681905e-01
