4.093299135320416440e+02
4.008362647806018799e+02
3.935954795749596542e+02
3.861289049508220614e+02
3.807777919139221581e+02
3.794321832355507240e+02
3.766802174950400968e+02
3.730947193825162458e+02
3.701286800835701456e+02
3.668470849884641893e+02
3.650259326165583502e+02
3.623984279084169202e+02
3.601874063198229123e+02
3.581580121603255975e+02
3.566267798958966182e+02
3.548690783254926373e+02
3.528592459783874915e+02
3.509828827300553939e+02
3.498416858965791789e+02
3.488828898937645704e+02
3.480442955511309151e+02
3.469814129006820735e+02
3.466881728485527105e+02
3.456420579451835238e+02
3.437902789475976988e+02
3.427298611056173172e+02
3.422010727639479342e+02
3.412123443697901166e+02
3.404572059239052919e+02
3.395115012718719072e+02
3.387744067201437019e+02
3.377969451116014170e+02
3.360938839859217637e+02
3.347059213962833155e+02
3.327192115946120339e+02
3.306901287277730148e+02
3.287970698815367996e+02
3.283355984794455935e+02
3.270477990359177625e+02
