9.912420390019776040e-01
9.920113416343734336e-01
9.926582489011176458e-01
9.932044037603234843e-01
9.936683315187836429e-01
9.937603361780013023e-01
9.940459973235601376e-01
9.943113006182484614e-01
9.945462512650803388e-01
9.947652711830187178e-01
9.949599084842034591e-01
9.951426546851780408e-01
9.953073732500402615e-01
9.954593599992630493e-01
9.956026646024171978e-01
9.957353598750303680e-01
9.958575904432287462e-01
9.959687486295242254e-01
9.960762430201608453e-01
9.961758546161355588e-01
9.962690884167602068e-01
9.963548399704608149e-01
9.964370466656820025e-01
9.965140836186540119e-01
9.966323420529342725e-01
9.967300989194207705e-01
9.968246443523719469e-01
9.969136701866114780e-01
9.969994458218274236e-01
9.970800872914825641e-01
9.971575666130669813e-01
9.972288559662774166e-01
9.973001234190947972e-01
9.973669001304055204e-01
9.974306931084787609e-01
9.974904860895041914e-01
9.975485528229282028e-01
9.976038191310414582e-01
9.976563770502534512e-01
