3.678548901949740753e+02
3.627859852896042412e+02
3.582787681576382397e+02
3.532302048129265586e+02
3.497563310181917018e+02
3.488250449246166340e+02
3.470944202744741460e+02
3.446115298100238533e+02
3.425758829755931743e+02
3.402432967402058352e+02
3.390743939273299929e+02
3.372025580339333146e+02
3.356484721753760709e+02
3.342222481435009058e+02
3.332026026526824012e+02
3.319667571511919277e+02
3.304986318742875255e+02
3.291194084369397501e+02
3.283717134486830105e+02
3.277622162026760861e+02
3.272445749435970583e+02
3.265243246419746583e+02
3.264602282794238022e+02
3.257369523290698226e+02
3.244113626127420389e+02
3.237360483914209226e+02
3.235195177335725703e+02
3.228927394287595121e+02
3.224699799562191629e+02
3.218725058807825121e+02
3.214494228410691221e+02
3.208025635701438887e+02
3.195136934730502389e+02
3.184921099652626708e+02
3.169251355654711801e+02
3.153062374235959737e+02
3.138006169398632892e+02
3.135760744052973337e+02
3.125996274918607583e+02
