380.37001853464
373.71008277309
367.94940522589
361.84853822963
357.55547617122
356.45476537083
354.26725336585
351.3332909294
348.91692188965
346.2192739595
344.77254730036
342.61493170595
340.81315852563
339.16311465487
337.94722668523
336.52342184876
334.87372837082
333.33132366808
332.4444392957
331.71053448344
331.07914948549
330.24756266931
330.09520851235
329.27189266507
327.7902800114
326.99702110828
326.6782432092
325.94606935521
325.42628281107
324.7337465665
324.22408193056
323.49268555099
322.10821477485
321.00193790063
319.34525307442
317.64123490163
316.05593744899
315.77586608977
314.73524075898
