1.041657349004607269e+00
1.041648965326281040e+00
1.041635832155947572e+00
1.041616804978912958e+00
1.041590945823618108e+00
1.041584312693835557e+00
1.041559515051747820e+00
1.041529356369910841e+00
1.041495114552332124e+00
1.041454974016414292e+00
1.041410895680794813e+00
1.041360555597254045e+00
1.041306094634375068e+00
1.041246622299043523e+00
1.041180887696321999e+00
1.041110159029670301e+00
1.041035209455774435e+00
1.040957625447680446e+00
1.040872820451849146e+00
1.040784481776237502e+00
1.040692201085211988e+00
1.040598147445955579e+00
1.040498790243595151e+00
1.040396645029634026e+00
1.040220741604043209e+00
1.040055584605400707e+00
1.039876483450077771e+00
1.039688231124378026e+00
1.039486687625991168e+00
1.039277091042487777e+00
1.039055341231541751e+00
1.038831863630257812e+00
1.038588002027061696e+00
1.038339226042158892e+00
1.038081608539028311e+00
1.037820962684001147e+00
1.037548674763814072e+00
1.037270669122520861e+00
1.036988027568722215e+00
