8.829787327525555618e-01
8.922239312238062769e-01
9.001380007182514520e-01
9.069214005323652517e-01
9.127583643844288108e-01
9.139242178809569017e-01
9.175616906560536412e-01
9.209640721484061432e-01
9.239968018192021848e-01
9.268406395207393622e-01
9.293815552055904039e-01
9.317790389922041561e-01
9.339498786768335448e-01
9.359612751293584498e-01
9.378651574332452778e-01
9.396345169801502140e-01
9.412698380275836829e-01
9.427616215261910293e-01
9.442084216328909818e-01
9.455528145810143670e-01
9.468143591790163516e-01
9.479774279601810294e-01
9.490949142169715635e-01
9.501443510090905598e-01
9.517595342251312651e-01
9.530985664660207579e-01
9.543969480072975742e-01
9.556225414272691010e-01
9.568061635763435158e-01
9.579214298947328343e-01
9.589952451739708339e-01
9.599852523048691966e-01
9.609768586043668792e-01
9.619077130956110722e-01
9.627985440280295570e-01
9.636349130252359618e-01
9.644484314374269784e-01
9.652239043760578729e-01
9.659624522467491481e-01
