4.088813535094715235e+02
4.002814059045345516e+02
3.929306577529212632e+02
3.853587763822386023e+02
3.799025172208647518e+02
3.785359486936368398e+02
3.757073770377372739e+02
3.720515758554032573e+02
3.690182901857630213e+02
3.656750028309119216e+02
3.637878600072364179e+02
3.611035049734256859e+02
3.588387596069608776e+02
3.567586561167290711e+02
3.551751867165720000e+02
3.533714858315884157e+02
3.513233022984785521e+02
3.494125675268522286e+02
3.482316721677980240e+02
3.472346837221085138e+02
3.463597022523856594e+02
3.452674230921548428e+02
3.449373054248416679e+02
3.438664095358756754e+02
3.419803634689966430e+02
3.408877848711799743e+02
3.403224117828340809e+02
3.393069989942043776e+02
3.385253533050303076e+02
3.375597519508222035e+02
3.368022862634267653e+02
3.358121375182099086e+02
3.341080486288783504e+02
3.327181581078697263e+02
3.307401828523959466e+02
3.287233124106281252e+02
3.268425074267611308e+02
3.263764861353157585e+02
3.250973190966899438e+02
