4.304140182135318469e+02
4.200495329303999483e+02
4.112008164126601741e+02
4.022343099766567889e+02
3.956502941985240227e+02
3.940329595323310627e+02
3.905534650081588097e+02
3.861989670209675864e+02
3.825610140856250609e+02
3.786067222041334048e+02
3.762643338215410154e+02
3.730779071350331719e+02
3.703699838378815343e+02
3.678803581443901294e+02
3.659358347809504721e+02
3.637740196875682841e+02
3.613683016431279498e+02
3.591306939555449844e+02
3.576736841536254587e+02
3.564270010318892901e+02
3.553208981645905737e+02
3.539966667914784466e+02
3.534859968440384819e+02
3.522011391311474995e+02
3.499755114403369021e+02
3.486253637002834012e+02
3.478360867648078170e+02
3.465844778298699111e+02
3.455837744559264593e+02
3.444006382659070482e+02
3.434434074180981042e+02
3.422559284717019636e+02
3.403256865461834195e+02
3.387345321649304424e+02
3.365419216679877081e+02
3.343201230593395508e+02
3.322468741847605997e+02
3.316469347026673518e+02
3.302123334028017325e+02
