2.392257627722438258e+02
2.514540104732176928e+02
2.608801324122111964e+02
2.675039311211824042e+02
2.731858602595949037e+02
2.741149597169645631e+02
2.775350939168141622e+02
2.800074225715043212e+02
2.821485709741944561e+02
2.837469509591184078e+02
2.856375124553611613e+02
2.868126106431167841e+02
2.878893323029485600e+02
2.888236918386910475e+02
2.898814298750718308e+02
2.906007538899801830e+02
2.909851688932541265e+02
2.912589647636742711e+02
2.919400478884614927e+02
2.926048459500618719e+02
2.932471325629570629e+02
2.936399437408754238e+02
2.944825785701210634e+02
2.947447251255841252e+02
2.949384764975304734e+02
2.954154708595391412e+02
2.962062430983403374e+02
2.965932132236171128e+02
2.971015560007117529e+02
2.974030212506972930e+02
2.977982596749084792e+02
2.979378296751322637e+02
2.975193532932518679e+02
2.972683867051850939e+02
2.965042426874564399e+02
2.956419312285518686e+02
2.948430564596593513e+02
2.951234636877630919e+02
2.947161959552246913e+02
