3.598969148052022433e+02
3.551851828265117774e+02
3.511051188010982855e+02
3.465109359466200658e+02
3.433760920860118517e+02
3.425155815602876146e+02
3.410291238173934971e+02
3.387803602383776251e+02
3.369589052671928471e+02
3.348180472270145742e+02
3.338418325449232498e+02
3.321447388875409388e+02
3.307474326883497042e+02
3.294663885219373469e+02
3.285888050886809424e+02
3.274857964697952752e+02
3.261348865992719084e+02
3.248639992443625033e+02
3.242201202187100648e+02
3.237105626983094453e+02
3.232883136039532701e+02
3.226509098218643885e+02
3.226728658854982541e+02
3.220256164695456391e+02
3.208197522807099062e+02
3.202410995066795749e+02
3.201217059055627487e+02
3.195844597629893542e+02
3.192472190393091864e+02
3.187282912147093725e+02
3.183850602090921029e+02
3.178083893781158622e+02
3.165907709578031017e+02
3.156367518939440515e+02
3.141365962294751171e+02
3.125810938101603256e+02
3.111391775570959908e+02
3.109739375540821129e+02
3.100559987583295651e+02
