4.427930154751180680e+02
4.315437779793818436e+02
4.219472005692059611e+02
4.122726159729861592e+02
4.051270051430577723e+02
4.033818122586296795e+02
3.995836056964741374e+02
3.948750295481584658e+02
3.909320885585598830e+02
3.866637206600964873e+02
3.840965186843181414e+02
3.806513879218709349e+02
3.777156440519790976e+02
3.750147018438676696e+02
3.728864155962963309e+02
3.705381912521010577e+02
3.679418979262161429e+02
3.655288341882778695e+02
3.639280369680531066e+02
3.625514569209897786e+02
3.613249202343293973e+02
3.598764451580027526e+02
3.592742916987967874e+02
3.578728394516561480e+02
3.554590741212671219e+02
3.539681857861465346e+02
3.530590830542745948e+02
3.516759365024269073e+02
3.505533969059282526e+02
3.492464676232431771e+02
3.481755897719596078e+02
3.468730042592849259e+02
3.448055931416504905e+02
3.430925633788328923e+02
3.407653172572411222e+02
3.384140356390563511e+02
3.362182973073446419e+02
3.355374453409831972e+02
3.340032271662574317e+02
