0.98932183126219
0.99016504171648
0.99088640210139
0.99150455769887
0.99203647728715
0.99214273099652
0.99247427979385
0.99278446587699
0.99306102061088
0.99332042130754
0.99355225792605
0.99377107242637
0.99396926084411
0.99415294695904
0.99432686560409
0.99448854244917
0.99463801321209
0.99477440070162
0.99490670957575
0.99502968414472
0.99514510787803
0.99525154561667
0.99535383380338
0.99544991287637
0.99559782537265
0.99572048375665
0.99583944857613
0.99595177127988
0.99606027224444
0.99616252920002
0.99626100551058
0.99635181303662
0.99644278323046
0.996528194215
0.99660994528233
0.99668670912198
0.99676138525546
0.99683257745287
0.99690038701724
