383.20858243523
376.21379631725
370.18582574677
363.85675812101
359.38532825697
358.24732800283
355.95963707558
352.92553962207
350.42430183452
347.64467105441
346.13563366137
343.91327017358
342.05522101949
340.35413147071
339.09343433125
337.62645122126
335.93482579186
334.35460539677
333.43554390208
332.67279733951
332.01498196811
331.15742653422
330.98454049785
330.13776126101
328.6194012756
327.79836650931
327.45548823598
326.69834296606
326.15553773563
325.44037842197
324.91005054691
324.15841547517
322.75094510659
321.62425941495
319.94589241358
318.22123454028
316.61658414661
316.32306388307
315.26684102468
