3.788740131765999877e+02
3.723980868942655889e+02
3.667830434380680913e+02
3.608052779771053906e+02
3.566083131169017975e+02
3.555275860442907856e+02
3.533937725473945761e+02
3.505131713560372191e+02
3.481419170650035539e+02
3.454877213596718661e+02
3.440739667028847180e+02
3.419504855808330603e+02
3.401783366885347277e+02
3.385551101433570693e+02
3.373627322438288729e+02
3.359615214435507369e+02
3.343337315422356824e+02
3.328110426270569633e+02
3.319409434591191825e+02
3.312220504390062388e+02
3.306044031913257868e+02
3.297863092524000308e+02
3.296446052956092672e+02
3.288334461895026379e+02
3.273708319432300300e+02
3.265919296726593757e+02
3.262855834729183471e+02
3.255662744499065866e+02
3.250583371047222272e+02
3.243774383556718703e+02
3.238783751851048578e+02
3.231573564153045481e+02
3.217846613421393158e+02
3.206888191710222031e+02
3.190432155051325935e+02
3.173497233315281392e+02
3.157742831105814503e+02
3.155010565345506279e+02
3.144683721578722952e+02
