4.351114960345903455e+02
4.253979124653195640e+02
4.171863189288416152e+02
4.087869703007784778e+02
4.027618143024325263e+02
4.012493785847670438e+02
3.981760947087132081e+02
3.941718066611255153e+02
3.908687486167128213e+02
3.872079534443795410e+02
3.852013500309503797e+02
3.822849598265065652e+02
3.798339592863131315e+02
3.775860725844237891e+02
3.758981645980430244e+02
3.739551856474232636e+02
3.717223971509975513e+02
3.696384940913288801e+02
3.683748657624663565e+02
3.673167220051842605e+02
3.663916297621527747e+02
3.652074150790607519e+02
3.648893623569016427e+02
3.637208154415594095e+02
3.616508504317162078e+02
3.604575191095138393e+02
3.598577206148645473e+02
3.587361927512855573e+02
3.578686210564674184e+02
3.567807494093688661e+02
3.559251603838520168e+02
3.547945584747580483e+02
3.528484449700774803e+02
3.512509014906850666e+02
3.489869290355107410e+02
3.466740532918066720e+02
3.445116775443457300e+02
3.439323703232632852e+02
3.424363842012834311e+02
