3.700928056372676451e+02
3.643841046313544894e+02
3.594560614856856660e+02
3.541049188462430948e+02
3.503861481668479883e+02
3.494037339299982250e+02
3.475693905625743128e+02
3.449769849461770264e+02
3.428586115804544079e+02
3.404370920421229130e+02
3.392297477790018547e+02
3.373024295634241412e+02
3.357033666773201617e+02
3.342383444597807056e+02
3.331938119327526806e+02
3.319315362647623715e+02
3.304305685423170189e+02
3.290234246451362310e+02
3.282593559967850183e+02
3.276394669100568535e+02
3.271147029394460901e+02
3.263807991826794819e+02
3.263186860066325039e+02
3.255838494071738864e+02
3.242405613903542871e+02
3.235558604192112284e+02
3.233394772617082253e+02
3.227059668982068388e+02
3.222789409126347664e+02
3.216738938338625644e+02
3.212489125955509053e+02
3.205952602474138189e+02
3.192933250022456377e+02
3.182628840207035523e+02
3.166832705653321796e+02
3.150522649887354873e+02
3.135379469089149893e+02
3.133168612136083766e+02
3.123378857301517542e+02
