3.142604530900205759e+02
3.163660072269536272e+02
3.169346647694526382e+02
3.161652750828247918e+02
3.166658076148021337e+02
3.167057426793906529e+02
3.165505418224468031e+02
3.162534993066401512e+02
3.158980251348752972e+02
3.157657701808869319e+02
3.152361405434067478e+02
3.148446350498268203e+02
3.145434032558736135e+02
3.142853853228544381e+02
3.139065942832086762e+02
3.135132166510734351e+02
3.133000389851092677e+02
3.130854660615689227e+02
3.129140321925793842e+02
3.126734007841136531e+02
3.123738504060557943e+02
3.122405897562074983e+02
3.119323470630597512e+02
3.117694762329037417e+02
3.114340894639910857e+02
3.112421024580314111e+02
3.109539532781813023e+02
3.107527075358884758e+02
3.105979030834093919e+02
3.105379650900630395e+02
3.103122431771243441e+02
3.102979741613776241e+02
3.102375517819444326e+02
3.101582359603671648e+02
3.100051263158487700e+02
3.098472086722204040e+02
3.095727945161552839e+02
3.092942950134736293e+02
3.089690065138927935e+02
