4.033439492712176389e+02
3.945546577507341794e+02
3.870495850516464316e+02
3.793942429271002084e+02
3.738606305734304556e+02
3.724903776746169228e+02
3.696022270222032375e+02
3.659340571627867007e+02
3.628894641944935415e+02
3.595641131889370854e+02
3.576549393015104670e+02
3.549917461781460020e+02
3.527467990461774434e+02
3.506900665256607112e+02
3.491188517236176949e+02
3.473439398186117728e+02
3.453434604079319570e+02
3.434815427667547851e+02
3.423272855788139850e+02
3.413535463664407530e+02
3.405012093860016194e+02
3.394459414572947935e+02
3.391243417687484225e+02
3.380952043983143085e+02
3.362866314130519072e+02
3.352471644879617543e+02
3.347179878759876033e+02
3.337603942279443459e+02
3.330322785590755643e+02
3.321307916958060673e+02
3.314308529316356271e+02
3.305089993258514482e+02
3.289020671926045907e+02
3.275984675847887502e+02
3.257273738572763477e+02
3.238179668423324529e+02
3.220397429666288645e+02
3.216299735870898076e+02
3.204336109700056454e+02
