3.804581253749050802e+02
3.737099026693835526e+02
3.679054328185049485e+02
3.617827223794112115e+02
3.574639790493438909e+02
3.563573589705493418e+02
3.541658564247818504e+02
3.512242530773202134e+02
3.488039081214200223e+02
3.460979008297338169e+02
3.446549965253620371e+02
3.424948603326649845e+02
3.406914378215608394e+02
3.390401468660319892e+02
3.378260346588168659e+02
3.364027476363551159e+02
3.347506552391354830e+02
3.332064661784040140e+02
3.323203029476085248e+02
3.315884621263309668e+02
3.309596410793203063e+02
3.301280066444478507e+02
3.299800182249290401e+02
3.291567431007447340e+02
3.276752106377012410e+02
3.268830644999054584e+02
3.265679935049448090e+02
3.258371753361855099e+02
3.253191213271610991e+02
3.246270049616084634e+02
3.241194175861439248e+02
3.233882963987744006e+02
3.220023187434639453e+02
3.208955475811903284e+02
3.192372925450159755e+02
3.175317068869754280e+02
3.159457612575966436e+02
3.156681763605284914e+02
3.146283487289736058e+02
