0.99730890584936
0.99752298945935
0.9977059200352
0.99786252029962
0.99799715705926
0.99802403850476
0.99810789033383
0.99818630136724
0.99825617990517
0.99832169756317
0.99838023159598
0.99843545904849
0.99848546488744
0.99853179825066
0.99857565603095
0.99861641644173
0.99865409074323
0.99868845998941
0.99872179469169
0.9987527716981
0.9987818414491
0.99880864357879
0.99883439676189
0.99885858306
0.99889581071841
0.99892667595917
0.99895660632499
0.99898486068358
0.99901214916429
0.99903786317169
0.999062622742
0.99908545092529
0.99910831687562
0.9991297826351
0.99915032599014
0.99916961379781
0.9991883749087
0.9992062587784
0.99922329113219
