3.542072864188838821e+02
3.509750929597821596e+02
3.479051066491711595e+02
3.440493521944532063e+02
3.414998998562124370e+02
3.407579307382890761e+02
3.395413371612976334e+02
3.375599279132890160e+02
3.359462982922556193e+02
3.340150347199699468e+02
3.331532913297685354e+02
3.315936098204907694e+02
3.303094020025154691e+02
3.291262348122936601e+02
3.283197636593238258e+02
3.272867797066147659e+02
3.260132756112143966e+02
3.248084518150395752e+02
3.242100686664528553e+02
3.237338714052739874e+02
3.233378841532852448e+02
3.227359261849249492e+02
3.227663896114841009e+02
3.221488457897381181e+02
3.209875011256357880e+02
3.204364262181513823e+02
3.203278509871232700e+02
3.198114909218618891e+02
3.194902851169078986e+02
3.189918318665663151e+02
3.186588997596828676e+02
3.180996160428994699e+02
3.169091116594913160e+02
3.159746349427061887e+02
3.144994452652927066e+02
3.129674399403592702e+02
3.115430868735335821e+02
3.113756005674872540e+02
3.104645917316739769e+02
