1.030943374837331783e+00
1.029770389703643874e+00
1.028656695860307835e+00
1.027612289260226852e+00
1.026640505506612344e+00
1.026437755014120601e+00
1.025785683579377716e+00
1.025147943057193256e+00
1.024555678292251359e+00
1.023978954477676506e+00
1.023445438764583715e+00
1.022925646822483214e+00
1.022440767488596025e+00
1.021979033318518582e+00
1.021530593057485614e+00
1.021103627491619870e+00
1.020700028713971141e+00
1.020324151187226747e+00
1.019952429912192926e+00
1.019600553330216153e+00
1.019264586451313015e+00
1.018949803665321507e+00
1.018642726833623557e+00
1.018350154428391496e+00
1.017891783246401838e+00
1.017504228816597411e+00
1.017121783776080424e+00
1.016754670217616896e+00
1.016394414346750263e+00
1.016049756724903164e+00
1.015713076089826306e+00
1.015398425236061497e+00
1.015079140532906266e+00
1.014775626139066800e+00
1.014481696176773751e+00
1.014202629164198122e+00
1.013928282168668593e+00
1.013664084910339547e+00
1.013410024316609537e+00
