9.741784060316952543e-01
9.764109151826472210e-01
9.782934745179741043e-01
9.798865766886143414e-01
9.812425267605455748e-01
9.815117297164430710e-01
9.823481898207827578e-01
9.831258853854960567e-01
9.838152884950316368e-01
9.844585243697364652e-01
9.850306195474417548e-01
9.855681648690491903e-01
9.860530157330260614e-01
9.865006711826117547e-01
9.869230017022688761e-01
9.873142796887975914e-01
9.876748826970938033e-01
9.880029719600280647e-01
9.883203850022211912e-01
9.886146423740245215e-01
9.888901648753888329e-01
9.891436660604703279e-01
9.893867688913787761e-01
9.896146557393303844e-01
9.899646176291887478e-01
9.902540334513597609e-01
9.905340485817084595e-01
9.907978125309031547e-01
9.910520351719839249e-01
9.912911202119879528e-01
9.915209023795357179e-01
9.917323893785259248e-01
9.919438713633621507e-01
9.921420817582123908e-01
9.923314848630147011e-01
9.925090555272267911e-01
9.926815401044872811e-01
9.928457431797729216e-01
9.930019328124896072e-01
