4.349442182064455551e+02
4.251567354655039139e+02
4.168560541677468336e+02
4.083572935112966888e+02
4.022209965349743470e+02
4.006841293878737815e+02
3.975213964677593026e+02
3.934255614373993808e+02
3.900293628723572397e+02
3.862745010743129228e+02
3.841675410020117738e+02
3.811540627970400124e+02
3.786067821934802282e+02
3.762629445327459052e+02
3.744743105824621807e+02
3.724349598690502035e+02
3.701128228694727795e+02
3.679441355585178144e+02
3.665871159823641392e+02
3.654368248523498437e+02
3.644209947699650343e+02
3.631549768517983239e+02
3.627446042921977778e+02
3.614990617456514883e+02
3.593109286245122007e+02
3.580099911169032225e+02
3.572940662656121162e+02
3.560699983522486036e+02
3.550987815685857640e+02
3.539176768455609476e+02
3.529678664874192009e+02
3.517576250319232258e+02
3.497487509253049893e+02
3.480897280265793370e+02
3.457836215946530274e+02
3.434379535943721180e+02
3.412444604016240532e+02
3.406071731466564643e+02
3.390783968507671489e+02
