3.827074764992665905e+02
3.756901754239372622e+02
3.696647139808106886e+02
3.633513206063865368e+02
3.588887472715240960e+02
3.577526575845313346e+02
3.554774732194010198e+02
3.524547550078916061e+02
3.499652923950602599e+02
3.471948856028639057e+02
3.456993953142584246e+02
3.434876234227335203e+02
3.416394004768230843e+02
3.399476338292739683e+02
3.386971182939291225e+02
3.372394331434547325e+02
3.355551989718819073e+02
3.339820311157870378e+02
3.330704804742623537e+02
3.323154636800662729e+02
3.316652605646064558e+02
3.308136411915851909e+02
3.306483083997946437e+02
3.298070833549493273e+02
3.282975657854514111e+02
3.274840004532375701e+02
3.271494571094324328e+02
3.263994247578727368e+02
3.258635681584465260e+02
3.251544722872035322e+02
3.246308478287440948e+02
3.238846718691679030e+02
3.224822708634001174e+02
3.213606904820532009e+02
3.196870777472104805e+02
3.179669539825624724e+02
3.163671490090669067e+02
3.160790148534209152e+02
3.150276428461884279e+02
