1.018614890201942735e+00
1.018249896594118020e+00
1.017875565694146500e+00
1.017500193534257136e+00
1.017129936367029641e+00
1.017050147131951743e+00
1.016787606943750255e+00
1.016522105347516414e+00
1.016267818218616004e+00
1.016013071341265173e+00
1.015771150338327322e+00
1.015529670810802809e+00
1.015299269393297399e+00
1.015075255108132346e+00
1.014853386440503380e+00
1.014638202560130598e+00
1.014431262947432577e+00
1.014235451024097401e+00
1.014038878608329863e+00
1.013850121294963103e+00
1.013667468413455897e+00
1.013494180103363007e+00
1.013323129054099603e+00
1.013158317153848742e+00
1.012896501507358105e+00
1.012671706509543412e+00
1.012446801441762245e+00
1.012228046728084863e+00
1.012010656491496352e+00
1.011800162349530297e+00
1.011592171613939328e+00
1.011395681488234777e+00
1.011194222876105053e+00
1.011000785011443082e+00
1.010811670622568492e+00
1.010630501223880762e+00
1.010450867466519798e+00
1.010276454354717579e+00
1.010107421476550638e+00
