1.086649707346209581e+00
1.086482550046852458e+00
1.086266257290277037e+00
1.086000861168258780e+00
1.085688802128530694e+00
1.085614764018019152e+00
1.085353622198429235e+00
1.085061502788218446e+00
1.084754460062326897e+00
1.084419314468159090e+00
1.084074803396869013e+00
1.083704752301693830e+00
1.083326698571190683e+00
1.082935187730300619e+00
1.082523647946969758e+00
1.082101425845500620e+00
1.081673513394296515e+00
1.081248502256202171e+00
1.080801828299047251e+00
1.080353729567948395e+00
1.079901949170920306e+00
1.079456566324901390e+00
1.079000704380950415e+00
1.078546021331031612e+00
1.077792094945435819e+00
1.077113324443907727e+00
1.076404680453663554e+00
1.075686666687373672e+00
1.074944675320437915e+00
1.074198862676879695e+00
1.073435187223842791e+00
1.072689086878924503e+00
1.071899031407652414e+00
1.071116336242679656e+00
1.070328156144724652e+00
1.069551655587759775e+00
1.068760927419140749e+00
1.067973274816457430e+00
1.067191148579787585e+00
