4.339421987644698220e+02
4.239207107795683669e+02
4.153788574664529847e+02
4.066508343789632249e+02
4.002855968235907653e+02
3.987033860771704781e+02
3.953740821124318359e+02
3.911265764114934882e+02
3.875854943111711464e+02
3.836985320891939182e+02
3.814495323618549492e+02
3.783149209000135897e+02
3.756533002468032123e+02
3.732018472138998391e+02
3.713021840261454827e+02
3.691658060084312751e+02
3.667636353821279727e+02
3.645235948278591422e+02
3.630832183357801455e+02
3.618528779829599671e+02
3.607609386526711432e+02
3.594341055305205828e+02
3.589463316440167091e+02
3.576501646732621680e+02
3.553930800634930165e+02
3.540267621726655989e+02
3.532358182068984433e+02
3.519585201524621993e+02
3.509344210060883142e+02
3.497148022916230161e+02
3.487255382601528595e+02
3.474924122762734555e+02
3.454864122260925683e+02
3.438280435378304674e+02
3.415456229163282842e+02
3.392310963959976675e+02
3.370686840903358643e+02
3.364255367825919052e+02
3.349193150270490946e+02
