1.823922330251859307e+02
1.892501477283037161e+02
1.963882529817384466e+02
2.055055947237649434e+02
2.105450826428434539e+02
2.119369847034535610e+02
2.147785537237600977e+02
2.188358287695812976e+02
2.221767845910216295e+02
2.256708197829748883e+02
2.278710893153235020e+02
2.308869706600935672e+02
2.333227792028491763e+02
2.355166988595725002e+02
2.371985390020592206e+02
2.391981450726721050e+02
2.414021655778864215e+02
2.434814111454963665e+02
2.445544687732503917e+02
2.455261997309499122e+02
2.463936105231434510e+02
2.473932244151377802e+02
2.476098868042786307e+02
2.486454396161130660e+02
2.506087808966661612e+02
2.515186889937570527e+02
2.518665453491442179e+02
2.527216911730745323e+02
2.532491179020324239e+02
2.539548899833654616e+02
2.545814301244675448e+02
2.553951814353583245e+02
2.571706887884994899e+02
2.586255273029358932e+02
2.609432151332580361e+02
2.633756048272539942e+02
2.656392766412496371e+02
2.660200452280214449e+02
2.674520877484765151e+02
