3.689662140796689869e+02
3.638685471387681218e+02
3.591271599107104180e+02
3.537118358190039089e+02
3.502511473109093458e+02
3.493471908778689112e+02
3.474786909565264068e+02
3.449514133465614236e+02
3.428545171502150879e+02
3.405990657322499828e+02
3.392603216310075140e+02
3.373811757042544173e+02
3.358303494459535727e+02
3.344136485020632108e+02
3.333344166867036051e+02
3.320787917673317793e+02
3.306642413128946032e+02
3.293303168224737192e+02
3.285727910183888980e+02
3.279108203404490496e+02
3.273295083442429245e+02
3.266311993564974046e+02
3.264437281336185492e+02
3.257423313448582007e+02
3.244592422672054681e+02
3.237890289176093006e+02
3.234833236696044310e+02
3.228532521452054311e+02
3.224147517438824480e+02
3.218646042897344159e+02
3.214136321043614544e+02
3.208129753621280429e+02
3.196709208070913633e+02
3.187447185445391256e+02
3.173422227739086452e+02
3.158812913794939732e+02
3.145032318948581747e+02
3.142356531123935497e+02
3.133175354501638594e+02
