1.086936230938831072e+00
1.086917974369559392e+00
1.086889375794868773e+00
1.086847943918956005e+00
1.086791637976483482e+00
1.086777195433493048e+00
1.086723204439965285e+00
1.086657544816861165e+00
1.086583000651152542e+00
1.086495621803388767e+00
1.086399679492036752e+00
1.086290118452378328e+00
1.086171601616000348e+00
1.086042194513025638e+00
1.085899179888906829e+00
1.085745321894495019e+00
1.085582306813332121e+00
1.085413588684812858e+00
1.085229198653436367e+00
1.085037160073687446e+00
1.084836589756004166e+00
1.084632205672276362e+00
1.084416340156066694e+00
1.084194463948579878e+00
1.083812483464346110e+00
1.083453966648108446e+00
1.083065319764523471e+00
1.082656971242909050e+00
1.082219969520391567e+00
1.081765700981842881e+00
1.081285307916012295e+00
1.080801396068860498e+00
1.080273601985210830e+00
1.079735447442237151e+00
1.079178460219614388e+00
1.078615229026032685e+00
1.078027166229657219e+00
1.077427098010522721e+00
1.076817378464129060e+00
