384.6645467106
377.49436873658
371.32731556455
364.88023975501
360.3164288728
359.15913974649
356.81982853519
353.734178411
351.18931749689
348.36750911738
346.8266008344
344.57104987917
342.68417333883
340.95695841052
339.67337592034
338.18433970889
336.47126281378
334.87171674673
333.93623487565
333.15880751972
332.48755187143
331.61674648907
331.43346147868
330.57472295572
329.03764523884
328.20247455179
327.84738648239
327.07755015859
326.52305292091
325.79638616537
325.25558648011
324.49366768528
323.07450026314
321.93745184728
320.24803237107
318.51289613705
316.89840635418
316.59808269424
315.53397915707
