4.432083545831133620e+02
4.296705122039945763e+02
4.189529138726167048e+02
4.090975939985419245e+02
4.010907455949119935e+02
3.991618112690886733e+02
3.952260733748324810e+02
3.903369474880236112e+02
3.863079106236622238e+02
3.817197111278813964e+02
3.793744773745721659e+02
3.758832407734224716e+02
3.728977963054491624e+02
3.701589664015791641e+02
3.681274286051472586e+02
3.658216936064384299e+02
3.630738115223408613e+02
3.605413074309060448e+02
3.589178794276559756e+02
3.576391768215225966e+02
3.565475399037732132e+02
3.550223330801571819e+02
3.546995458638679679e+02
3.532701815985861344e+02
3.507816083591075653e+02
3.492488124481329805e+02
3.485776110648819213e+02
3.472959205764736339e+02
3.462333119480520622e+02
3.447981768238684026e+02
3.438295399366131164e+02
3.425023309178154705e+02
3.402905108478293528e+02
3.384583051343481657e+02
3.359684722181732468e+02
3.332763437287056263e+02
3.308366380476712720e+02
3.304400720897104975e+02
3.286495859872173924e+02
