3.279206230009101546e+02
3.265377470368368904e+02
3.251842576978969532e+02
3.229656298434635460e+02
3.217173084281155298e+02
3.212534356200613956e+02
3.208498964155648423e+02
3.196871943050849723e+02
3.187960382670107720e+02
3.175559429803298599e+02
3.172788051162278862e+02
3.163050343298889970e+02
3.155408230746115237e+02
3.148371140768713303e+02
3.144720122443267201e+02
3.138630355167260291e+02
3.129903448053639181e+02
3.121525453488871449e+02
3.118820893048823564e+02
3.117096390294893240e+02
3.115979903698384987e+02
3.112636258063572541e+02
3.115313679727948966e+02
3.111590274701425756e+02
3.103844800089739238e+02
3.101350049593553990e+02
3.103056544171423070e+02
3.100661598823828626e+02
3.100049980743202696e+02
3.097563224089272467e+02
3.096624233562828294e+02
3.093280525873209967e+02
3.083831892451982526e+02
3.076728516263615916e+02
3.064304225033342846e+02
3.051200847857815575e+02
3.039098448190946442e+02
3.039109762718039747e+02
3.031829671176211605e+02
