3.789874770258050489e+02
3.724871569491527907e+02
3.668547597809323975e+02
3.608640959327225346e+02
3.566570395171497694e+02
3.555743330294625366e+02
3.534353791522226516e+02
3.505499945531953472e+02
3.481748650868698860e+02
3.455170161310583126e+02
3.441007206694823708e+02
3.419746573778414813e+02
3.402003255308372331e+02
3.385751918499879594e+02
3.373812205615944890e+02
3.359785342856857824e+02
3.343493145144815912e+02
3.328253927535884600e+02
3.319542594475421993e+02
3.312345089572232837e+02
3.306161078084901419e+02
3.297972344605826152e+02
3.296550083839999843e+02
3.288431915643430443e+02
3.273796035710985279e+02
3.265999774266781515e+02
3.262930826600784826e+02
3.255731859512778215e+02
3.250647253584260170e+02
3.243833018308217788e+02
3.238838266518273485e+02
3.231623799184735049e+02
3.217891993214649915e+02
3.206929435485283761e+02
3.190469337488455039e+02
3.173530396702872736e+02
3.157772743210829276e+02
3.155038504027984914e+02
3.144709714950622015e+02
