1.078863676925228221e+00
1.077227783628305957e+00
1.075553972846162054e+00
1.073879490326987263e+00
1.072231719812264616e+00
1.071877135802042691e+00
1.070711666833243481e+00
1.069535016020124019e+00
1.068409913011281187e+00
1.067284583941886300e+00
1.066217583808735547e+00
1.065154150833187874e+00
1.064141009363467116e+00
1.063157360439611621e+00
1.062184496895634878e+00
1.061242239192049075e+00
1.060337281351145799e+00
1.059482066262316113e+00
1.058624584762174914e+00
1.057802187129879945e+00
1.057007310543242484e+00
1.056254026342793528e+00
1.055511267602862180e+00
1.054796351989715442e+00
1.053662168789929243e+00
1.052689836508726273e+00
1.051718391451943679e+00
1.050774817470602862e+00
1.049838401772991592e+00
1.048932897849708779e+00
1.048039326853429376e+00
1.047196225444530615e+00
1.046332873060125346e+00
1.045504909249148850e+00
1.044696411148258175e+00
1.043922768045296268e+00
1.043156539727944976e+00
1.042413395415207944e+00
1.041693940628844572e+00
