1.037935954043500253e+00
1.037178293214929159e+00
1.036401834797147314e+00
1.035623810668770961e+00
1.034856970438321921e+00
1.034691794482722083e+00
1.034148485253989724e+00
1.033599342590948877e+00
1.033073672954411215e+00
1.032547325342657807e+00
1.032047730265855723e+00
1.031549291753760311e+00
1.031073947497112897e+00
1.030611993849307018e+00
1.030154671891748475e+00
1.029711325537718825e+00
1.029285147575658810e+00
1.028882051087380622e+00
1.028477550100824534e+00
1.028089282575714636e+00
1.027713713140704810e+00
1.027357527626328038e+00
1.027006063390432100e+00
1.026667534194596998e+00
1.026129988464298259e+00
1.025668678999572370e+00
1.025207353824921341e+00
1.024758845792679285e+00
1.024313332075700300e+00
1.023882137815284477e+00
1.023456252140632516e+00
1.023054079940781902e+00
1.022641904287221237e+00
1.022246296762741258e+00
1.021859680926891611e+00
1.021489446041667026e+00
1.021122483216964971e+00
1.020766312785965413e+00
1.020421249136081121e+00
