3.725594015924204996e+02
3.666100583934461952e+02
3.614789636425808226e+02
3.559495451610495138e+02
3.520903270696207414e+02
3.510788903309247644e+02
3.491606356992305109e+02
3.464864094067099245e+02
3.442970397855571605e+02
3.418085178543694838e+02
3.405454736472579498e+02
3.385631785379761141e+02
3.369156964790898314e+02
3.354064602458794866e+02
3.343215429905121709e+02
3.330209668439554207e+02
3.314840504738958202e+02
3.300442857275820643e+02
3.292509353427508358e+02
3.286041940376849197e+02
3.280544435115828605e+02
3.272970583493295180e+02
3.272142059164151533e+02
3.264581203816785546e+02
3.250816601293449253e+02
3.243710192120108218e+02
3.241307310283270340e+02
3.234737083762651082e+02
3.230246203916875629e+02
3.223984780910127483e+02
3.219534851535144071e+02
3.212810816056732506e+02
3.199589140212566463e+02
3.189100600431427210e+02
3.173115774492973742e+02
3.156626862294009470e+02
3.141311652120615463e+02
3.138963034435837471e+02
3.129026184556238377e+02
