4.112643187480502434e+02
4.034972080848575615e+02
3.964542813328364446e+02
3.888172975364811919e+02
3.835944817014436126e+02
3.822860002731243299e+02
3.794039767555102003e+02
3.757417013539043751e+02
3.726612763137460433e+02
3.693897862613315510e+02
3.673168872642129372e+02
3.645906435476575780e+02
3.622914447563019280e+02
3.601779538119354243e+02
3.584894660498827648e+02
3.566133024373030480e+02
3.545617893941921466e+02
3.526391002638407031e+02
3.513981506946262243e+02
3.502977085123592929e+02
3.493085553424313048e+02
3.481889901574275541e+02
3.476900278808203666e+02
3.465913546650822923e+02
3.446647924412183102e+02
3.435116477439325990e+02
3.427936331961145697e+02
3.417096674682707089e+02
3.408497373402763628e+02
3.398708233208758429e+02
3.390244386471952112e+02
3.380226282342358104e+02
3.364017223416171305e+02
3.350476537868906917e+02
3.331724344620701004e+02
3.312532372008458879e+02
3.294414339658491144e+02
3.288852554413912230e+02
3.276143046030410915e+02
