3.758217347130665758e+02
3.697269072638898137e+02
3.644128415475345264e+02
3.586886973357961210e+02
3.546894663584154728e+02
3.536497579558206326e+02
3.516263407516984216e+02
3.488551228509884368e+02
3.465762777606906866e+02
3.440109086284559794e+02
3.426646440684022537e+02
3.406108330203938408e+02
3.388991123358664481e+02
3.373305449672070608e+02
3.361860879615985596e+02
3.348308615165329911e+02
3.332475802744205566e+02
3.317649268429478866e+02
3.309289408582882857e+02
3.302405486430570818e+02
3.296508023828970408e+02
3.288600704232092085e+02
3.287400048385125046e+02
3.279534684268447791e+02
3.265292994900636927e+02
3.257794542610437247e+02
3.254982810722007116e+02
3.248049776987116388e+02
3.243209874470576324e+02
3.236635822766453998e+02
3.231859192315278619e+02
3.224858251638096363e+02
3.211368379525403043e+02
3.200620009257137895e+02
3.184386790363591331e+02
3.167663417946720301e+02
3.152107082586841216e+02
3.149512580531421690e+02
3.139345291445216617e+02
