3.402809392714090109e+02
3.377898072243201568e+02
3.354930896531938060e+02
3.324301031735199672e+02
3.305059184057768107e+02
3.298995123105497100e+02
3.290950121832559034e+02
3.275309662391645702e+02
3.262914579406084385e+02
3.247156127688111269e+02
3.241679371016603568e+02
3.229184753349434231e+02
3.219111408436781403e+02
3.209845165275115733e+02
3.204181243868786737e+02
3.196156492265567408e+02
3.185576071577100947e+02
3.175511391717566880e+02
3.171322920343388887e+02
3.168243714393170762e+02
3.165869762963291691e+02
3.161318723980954815e+02
3.162973113106648384e+02
3.158150067908982237e+02
3.148677133203436824e+02
3.144846313873905501e+02
3.145346116624203887e+02
3.141734331469914423e+02
3.139985773945585947e+02
3.136396124431284420e+02
3.134422838964035236e+02
3.130088945769715565e+02
3.119545189017580924e+02
3.111452757644794929e+02
3.097994661559466749e+02
3.083907827373666350e+02
3.070865887844220765e+02
3.070166219052428005e+02
3.062098714984306866e+02
