4.185926261437433595e+02
4.090561829493966002e+02
4.009064569414633183e+02
3.926012597559314372e+02
3.865443733828133190e+02
3.850472614622679544e+02
3.818663275481082451e+02
3.778444554211058062e+02
3.744931363466319567e+02
3.708350970956786341e+02
3.687035759832868393e+02
3.657611564263918353e+02
3.632683140525339240e+02
3.609783612210648585e+02
3.592072312810223593e+02
3.572216909636383093e+02
3.549968547861270736e+02
3.529258728084405448e+02
3.516051974863376586e+02
3.504814992426607887e+02
3.494894198835529551e+02
3.482834071106832994e+02
3.478590154203375846e+02
3.466852245418427856e+02
3.446389902743707125e+02
3.434230385055414558e+02
3.427475025897796854e+02
3.416214076927826113e+02
3.407369620687106249e+02
3.396723255382205480e+02
3.388235819318241511e+02
3.377464969692711634e+02
3.359483374992810809e+02
3.344744848733371896e+02
3.324113795658556683e+02
3.303149513976810567e+02
3.283601188734941161e+02
3.278378813507121095e+02
3.264984485518152155e+02
