8.498612691339305636e-01
8.613119360108694167e-01
8.711681356693331546e-01
8.796563007619275787e-01
8.869900055834606389e-01
8.884581332247412089e-01
8.930458347900670502e-01
8.973468331734109071e-01
9.011885619332001829e-01
9.047978926038414693e-01
9.080284116373539272e-01
9.110814727346281394e-01
9.138500301902077183e-01
9.164187413441602370e-01
9.188532542686986826e-01
9.211184645566720119e-01
9.232144011007169526e-01
9.251283240908571015e-01
9.269863177128494502e-01
9.287143752782608397e-01
9.303373237927330397e-01
9.318347729064703211e-01
9.332746090146443185e-01
9.346277258867101700e-01
9.367121203735311319e-01
9.384418157393673576e-01
9.401204515179160115e-01
9.417062942510212586e-01
9.432390400130344910e-01
9.446843578901168437e-01
9.460769584821748790e-01
9.473617414320806285e-01
9.486494379803530608e-01
9.498590065968749441e-01
9.510172615094149018e-01
9.521053231938383377e-01
9.531642324119518062e-01
9.541741480549784660e-01
9.551364548500372864e-01
