4.217691048958860165e+02
4.113804334962001121e+02
4.025465972591346713e+02
3.936833000072193158e+02
3.871872333733872438e+02
3.856054175404022430e+02
3.821706918756273694e+02
3.779220357896795122e+02
3.743794514750043163e+02
3.705538223154336492e+02
3.682765250652142299e+02
3.652075199381821449e+02
3.626064471571322088e+02
3.602220836730340920e+02
3.583644268947416549e+02
3.563051726449550642e+02
3.540198723186449570e+02
3.518979085136431308e+02
3.505266630536851835e+02
3.493576395510178259e+02
3.483250783801183843e+02
3.470873644738636585e+02
3.466274156475046766e+02
3.454297497395008918e+02
3.433526938985131665e+02
3.421112252800506894e+02
3.414088755353539000e+02
3.402655700391887876e+02
3.393657141514960927e+02
3.382919687255903227e+02
3.374345218948304819e+02
3.363550564876583167e+02
3.345638582025189862e+02
3.330965364289895092e+02
3.310477871308892190e+02
3.289677526130407728e+02
3.270290443245782512e+02
3.265111187570335574e+02
3.251853146195582553e+02
