0.99463225679823
0.99505821975785
0.99542234158244
0.99573415874608
0.99600232083989
0.99605587045555
0.99622292730143
0.99637916982731
0.99651843103843
0.99664901908401
0.99676570200397
0.99687580602474
0.99697551046887
0.99706790141206
0.99715536380082
0.99723665619905
0.9973117995589
0.99738035574569
0.99744685282831
0.99750865067628
0.99756664710655
0.99762012243874
0.99767150762081
0.99771976881331
0.99779405721404
0.99785565349586
0.99791538772014
0.99797178029166
0.9980262481
0.99807757597733
0.99812700118951
0.99817257312118
0.9982182225312
0.99826107850896
0.99830209464544
0.99834060553301
0.99837806621869
0.99841377660685
0.99844778788048
