3.773578150533252256e+02
3.710702780085339896e+02
3.656041194870507525e+02
3.597519398760296099e+02
3.556529273092135099e+02
3.545925361093660513e+02
3.525134256191497570e+02
3.496870770398618902e+02
3.473616678015822572e+02
3.447515683863144886e+02
3.433713037637176058e+02
3.412824267344793725e+02
3.395402976117400726e+02
3.379442318847125648e+02
3.367756660199727889e+02
3.353973162152357190e+02
3.337916651137140320e+02
3.322888944707891596e+02
3.314357628177999686e+02
3.307320414106529256e+02
3.301282749063050233e+02
3.293238000220410981e+02
3.291928597488613377e+02
3.283939610404518135e+02
3.269504959442226664e+02
3.261860655819903627e+02
3.258922550953835753e+02
3.251859035655613184e+02
3.246898988749080672e+02
3.240207112349402223e+02
3.235323157750880227e+02
3.228217314197312362e+02
3.214608645579763788e+02
3.203755026339738379e+02
3.187410206259011716e+02
3.170580890958785290e+02
3.154925372195194200e+02
3.152261845995596445e+02
3.142014659588410268e+02
