3.891722341239356524e+02
3.828281551896406540e+02
3.770134230736132963e+02
3.705627154535484351e+02
3.662766064255196170e+02
3.651827730170031714e+02
3.628404433412280241e+02
3.597809680935259848e+02
3.572226844003045585e+02
3.544887831439247066e+02
3.528063220079591247e+02
3.505282902358519550e+02
3.486247384021368134e+02
3.468793547122261884e+02
3.455131096212760440e+02
3.439644706114686414e+02
3.422480156642926659e+02
3.406348697586603294e+02
3.396484484426975996e+02
3.387791973975540145e+02
3.380050809016488529e+02
3.371065722767019111e+02
3.367724367125957201e+02
3.358820220870084654e+02
3.342924588656259743e+02
3.333922914557918489e+02
3.328911025973768574e+02
3.320446889693018306e+02
3.314053044642939767e+02
3.306500950625012933e+02
3.300104635107770150e+02
3.292177095522985724e+02
3.278454466021374287e+02
3.267136955631411297e+02
3.250831264773879070e+02
3.234011296279204544e+02
3.218138605294296326e+02
3.214079289007854072e+02
3.203194704604061940e+02
