1.729223356603526440e+02
1.798775125676499442e+02
1.870712054670153748e+02
1.961604828293328637e+02
2.013332423220770693e+02
2.027466674821010315e+02
2.056853695822091765e+02
2.098157910446207666e+02
2.132404170609447647e+02
2.168284979084944553e+02
2.191219777796238191e+02
2.222271918836948998e+02
2.247599262100719102e+02
2.270530012286053818e+02
2.288377327293034114e+02
2.309326625080654480e+02
2.332316340288853667e+02
2.354010625216229755e+02
2.365797480587960990e+02
2.376494725515598816e+02
2.386115000786448377e+02
2.397056368849126500e+02
2.400157666038182924e+02
2.411392687096114287e+02
2.432371206624317495e+02
2.442737704310138440e+02
2.447485876683197432e+02
2.457260200158239911e+02
2.463788309232661788e+02
2.472072181078921460e+02
2.479495384923868642e+02
2.488750928917315832e+02
2.507583733196705396e+02
2.523173103470277567e+02
2.547296157771050673e+02
2.572515014607201920e+02
2.596047630719633617e+02
2.600837600567062964e+02
2.616057926809745027e+02
