3.674562042522699699e+02
3.647179926051791199e+02
3.613493878809048852e+02
3.567288189912920302e+02
3.542810333496681778e+02
3.536103867538553800e+02
3.519992416038952570e+02
3.498583046924741211e+02
3.480032642563246554e+02
3.461879997903594131e+02
3.447634592765869002e+02
3.430760373601682431e+02
3.416730853003091397e+02
3.403922897499134024e+02
3.392795561811823291e+02
3.380525170505466122e+02
3.368385566285825234e+02
3.356801508254125679e+02
3.349384107189656561e+02
3.342133813418745945e+02
3.335243915304486677e+02
3.328757578874297565e+02
3.324311571153426712e+02
3.317665221400645237e+02
3.305531217150381735e+02
3.298574459551506379e+02
3.293247651209308060e+02
3.286481608913982768e+02
3.281172532568765519e+02
3.275910422019246084e+02
3.270145130327417746e+02
3.265081362604504989e+02
3.256569519951568736e+02
3.249278482825301921e+02
3.238775710505681218e+02
3.227912582579594982e+02
3.217005236397785097e+02
3.212691695237967906e+02
3.204217929155817046e+02
