3.477173813338785067e+02
3.460353962214668400e+02
3.436299620532823269e+02
3.399807587869396457e+02
3.382865520914490958e+02
3.377900878144268972e+02
3.366321090572110961e+02
3.349970447902306319e+02
3.335862031792480593e+02
3.322229453787128932e+02
3.311438494886243120e+02
3.298435078482597760e+02
3.287841645315259029e+02
3.278242229098893290e+02
3.269985469291913773e+02
3.260620236853472989e+02
3.251403029115307390e+02
3.242532219823734749e+02
3.237390728999533849e+02
3.232237560777395515e+02
3.227316858351869655e+02
3.222807409444250197e+02
3.219926999470379201e+02
3.215152623319283975e+02
3.206054644020462092e+02
3.201403227012233970e+02
3.198113195745921757e+02
3.193526164237958938e+02
3.190256183385198483e+02
3.187034655938169863e+02
3.183198575633650194e+02
3.180031506512248711e+02
3.173739662313268468e+02
3.168456095811178557e+02
3.160139390346872119e+02
3.151397354999030540e+02
3.142521758731087402e+02
3.139649974870372944e+02
3.132871110619328761e+02
