2.819390944602817513e+02
2.852947606737376987e+02
2.870945059592066855e+02
2.876194052600089321e+02
2.891401407546512132e+02
2.894175079961592019e+02
2.899141143261063576e+02
2.903379932766014804e+02
2.906313903824342333e+02
2.911545752231070310e+02
2.911576302105922878e+02
2.913477211107240237e+02
2.915697363563563158e+02
2.918038743513484405e+02
2.918799055733334171e+02
2.919439333173290265e+02
2.921835425956364816e+02
2.923911036939452970e+02
2.925884405008405338e+02
2.926910135596649525e+02
2.927187934816943766e+02
2.929085100515926570e+02
2.928710924580135497e+02
2.930151449630491243e+02
2.931766484377540110e+02
2.933722299530705300e+02
2.934372420422271261e+02
2.936045766149808287e+02
2.937990992607497560e+02
2.940857890488812814e+02
2.941929070506832318e+02
2.944998589546887615e+02
2.948080145329656716e+02
2.950663838688915916e+02
2.952756761266384160e+02
2.954686186126265284e+02
2.955355166079920650e+02
2.955173368122121360e+02
2.954859000124931754e+02
