4.072932599075152211e+02
3.985325909517944751e+02
3.910368349292481298e+02
3.833498126187828916e+02
3.777881434781082817e+02
3.764041809516394324e+02
3.735031814998679351e+02
3.697940306618407931e+02
3.667122963525448540e+02
3.633339124038403725e+02
3.614003067127225108e+02
3.586881979210643294e+02
3.563985310630624213e+02
3.542973685475292314e+02
3.526899397908733818e+02
3.508712020808824263e+02
3.488181407619306356e+02
3.469054823193040420e+02
3.457141468484747975e+02
3.447069461373075683e+02
3.438228668983800276e+02
3.427293978625068007e+02
3.423864101771423520e+02
3.413184697206306168e+02
3.394433572214694550e+02
3.383553647365866937e+02
3.377878911183796049e+02
3.367816193066142318e+02
3.360081685414018011e+02
3.350570156895882405e+02
3.343119408266703658e+02
3.333407394668919324e+02
3.316696059668666976e+02
3.303088667181430651e+02
3.283708037354893463e+02
3.263953172749634177e+02
3.245543462557787393e+02
3.241068203723162924e+02
3.228596501697600161e+02
