3.964907452251864584e+02
3.884570835741562860e+02
3.815733704227719727e+02
3.744643098172462032e+02
3.693679616062484001e+02
3.680905134220147374e+02
3.654519971648672936e+02
3.620368801388052020e+02
3.592087145485311908e+02
3.560943153709805529e+02
3.543464626336589731e+02
3.518517232311557450e+02
3.497539893836387819e+02
3.478312859068744274e+02
3.463783972431633060e+02
3.447174740673908673e+02
3.428275255736856479e+02
3.410652794190172017e+02
3.399966253291308931e+02
3.390997448233790124e+02
3.383179321244655853e+02
3.373315763126605589e+02
3.370653598786521457e+02
3.360982687633518253e+02
3.343863880583830337e+02
3.334204086143932386e+02
3.329554845159510137e+02
3.320635930711413266e+02
3.313961077144878118e+02
3.305536131044117951e+02
3.299075370264415028e+02
3.290378794865711711e+02
3.274889747295617326e+02
3.262368414939098784e+02
3.244197050058517107e+02
3.225609027717180197e+02
3.208303152238967186e+02
3.204545999907493297e+02
3.192959943216777674e+02
