4.149435864144734865e+02
4.039496827917820951e+02
3.951654580676145088e+02
3.869004542904619370e+02
3.803583562604906092e+02
3.787559074879265495e+02
3.755615754111873912e+02
3.715026030691736878e+02
3.681802077925011645e+02
3.644190553903081877e+02
3.625295791631622251e+02
3.596493053730221163e+02
3.572098979960358633e+02
3.549766924214603705e+02
3.533476633897914212e+02
3.514712010544984651e+02
3.492058898704186731e+02
3.471154174795598806e+02
3.458345587599165469e+02
3.448339052534166171e+02
3.439892335421745884e+02
3.427779851087331622e+02
3.425948115247656460e+02
3.414313927008194582e+02
3.394228444651981249e+02
3.382530036500908182e+02
3.377986620169970138e+02
3.367586566610514183e+02
3.359712335833098109e+02
3.349100305940488624e+02
3.341979241807679841e+02
3.331409525241246570e+02
3.312400911482660035e+02
3.297200262858401629e+02
3.275268409218545571e+02
3.253183434261952698e+02
3.232936722076251499e+02
3.229341320337697425e+02
3.216333578884844542e+02
