1.100562273793336265e+00
1.098435212834609098e+00
1.096260685329479845e+00
1.094087140374131906e+00
1.091950077801250973e+00
1.091490437372411249e+00
1.089980246822729315e+00
1.088456475610261487e+00
1.087000312184647211e+00
1.085544689613520131e+00
1.084165285191750261e+00
1.082791236697124626e+00
1.081482859899481896e+00
1.080213214246169118e+00
1.078958113740251967e+00
1.077743089182275682e+00
1.076576709278889155e+00
1.075474934062287558e+00
1.074370719061059187e+00
1.073312134316841915e+00
1.072289394142417418e+00
1.071320549930594002e+00
1.070365605471175652e+00
1.069446797759848744e+00
1.067989831419331237e+00
1.066741444566457586e+00
1.065494810861786990e+00
1.064284530646375293e+00
1.063084003677482459e+00
1.061923648181295698e+00
1.060779105375823095e+00
1.059699681696868678e+00
1.058594807755048661e+00
1.057535675466912073e+00
1.056501871639808021e+00
1.055513031542026470e+00
1.054534049866055812e+00
1.053584923894393510e+00
1.052666393137519973e+00
