1.058004152507843632e+00
1.056823744754860739e+00
1.055614996157102636e+00
1.054404768601194586e+00
1.053212875481021937e+00
1.052956265676494141e+00
1.052112509522005634e+00
1.051260167866511441e+00
1.050444705283252844e+00
1.049628627566923766e+00
1.048854432241086654e+00
1.048082420800451775e+00
1.047346543253933060e+00
1.046631735990124712e+00
1.045924425842547301e+00
1.045239044300945386e+00
1.044580494552595828e+00
1.043957873411864634e+00
1.043333338822807876e+00
1.042734109104478391e+00
1.042154701369367942e+00
1.041605401913181295e+00
1.041063577886839120e+00
1.040541877248178482e+00
1.039713843844426000e+00
1.039003604001916603e+00
1.038293671811637786e+00
1.037603781813410730e+00
1.036918807736412429e+00
1.036256143841434607e+00
1.035601922047518331e+00
1.034984386337157058e+00
1.034351750965783800e+00
1.033744793495366299e+00
1.033151866002810726e+00
1.032584278111535303e+00
1.032021916023122987e+00
1.031476292451835031e+00
1.030947870799627575e+00
