9.658650146138768600e-01
9.687932663338356676e-01
9.712658720458009487e-01
9.733607047210219854e-01
9.751454385997978536e-01
9.754999607335800293e-01
9.766019258779059520e-01
9.776270219089062685e-01
9.785361799016144557e-01
9.793848292141339451e-01
9.801399237388678243e-01
9.808496779190041259e-01
9.814900735252013453e-01
9.820815240399400903e-01
9.826396759094768729e-01
9.831569284138534925e-01
9.836337489147022328e-01
9.840676761226450076e-01
9.844875730583301232e-01
9.848769170652227345e-01
9.852415411792965205e-01
9.855770814182353012e-01
9.858989112240220676e-01
9.862006446685537275e-01
9.866641004536178539e-01
9.870474562854317790e-01
9.874184302826116699e-01
9.877679372837784300e-01
9.881048593273172864e-01
9.884217714142280453e-01
9.887263998228533746e-01
9.890068149605433234e-01
9.892872628786757438e-01
9.895501470391572241e-01
9.898013825662589360e-01
9.900369515820205413e-01
9.902657999218776874e-01
9.904836849585975100e-01
9.906909588468074679e-01
