1.063862882807380839e+00
1.061367720369245982e+00
1.059004258831300227e+00
1.056792756552747736e+00
1.054739293472492179e+00
1.054311381024243488e+00
1.052936367593098055e+00
1.051593352822796090e+00
1.050347677976923633e+00
1.049136142283405571e+00
1.048016648940399476e+00
1.046927128426275777e+00
1.045911831726363816e+00
1.044945934844765834e+00
1.044008719963555931e+00
1.043117183980349916e+00
1.042275154344505461e+00
1.041491583600137938e+00
1.040717268273277929e+00
1.039984831489763950e+00
1.039286001481682931e+00
1.038631669897529530e+00
1.037993760981554159e+00
1.037386354237386454e+00
1.036435461886006992e+00
1.035632171319714523e+00
1.034840092081885654e+00
1.034080345389353672e+00
1.033335342110531796e+00
1.032623106376712396e+00
1.031927836713129931e+00
1.031278489967078160e+00
1.030620004421176183e+00
1.029994438899019205e+00
1.029388994853304595e+00
1.028814499991573150e+00
1.028250038854925386e+00
1.027706757310196117e+00
1.027184594714319221e+00
