3.817768927953935076e+02
3.749521817049128458e+02
3.690596735111961948e+02
3.628460204097017368e+02
3.584648476063767362e+02
3.573457084135034165e+02
3.551086239381717746e+02
3.521250957522203748e+02
3.496666945012050292e+02
3.469284568147213008e+02
3.454508183714510778e+02
3.432611054945411411e+02
3.414314282773611922e+02
3.397560676274835600e+02
3.385179389788772824e+02
3.370727036792198419e+02
3.354022096097031067e+02
3.338410395480328816e+02
3.329381801863151509e+02
3.321899440711373472e+02
3.315454214645185971e+02
3.307009414850181770e+02
3.305383680052287332e+02
3.297033986563446888e+02
3.282035292240248623e+02
3.273964667778184321e+02
3.270656964809992360e+02
3.263211071999893989e+02
3.257898735081754467e+02
3.250860928195597808e+02
3.245661461702686665e+02
3.238246867021121602e+02
3.224287813032855752e+02
3.213123659231431475e+02
3.196449065030470820e+02
3.179306219497357802e+02
3.163356801703098995e+02
3.160489121015741603e+02
3.150005384643383763e+02
