9.865411744194546584e-01
9.876159378200854988e-01
9.885337688327326955e-01
9.893190798546999121e-01
9.899939335559470033e-01
9.901286382510490203e-01
9.905487468163587383e-01
9.909414870590630420e-01
9.912913996394386862e-01
9.916193964908254221e-01
9.919123661665470992e-01
9.921887286355622892e-01
9.924389131640511952e-01
9.926706823202352536e-01
9.928900309568198246e-01
9.930938559356597972e-01
9.932822205611465671e-01
9.934540368928822529e-01
9.936206598054877492e-01
9.937754787060414374e-01
9.939207486293241134e-01
9.940546721947842723e-01
9.941833414173114614e-01
9.943041704851217633e-01
9.944901291736668592e-01
9.946442863337665585e-01
9.947937568685907284e-01
9.949348418953841700e-01
9.950710895916911047e-01
9.951994633565733883e-01
9.953230605717322543e-01
9.954370064588212719e-01
9.955511312864053775e-01
9.956582590769196273e-01
9.957607757403456050e-01
9.958570200846970089e-01
9.959506300101783616e-01
9.960398572130373385e-01
9.961248309168926340e-01
