1.040736071348018488e+00
1.040421632871889823e+00
1.040065671458527907e+00
1.039676773156051892e+00
1.039263472407222277e+00
1.039170676553293315e+00
1.038856249763071338e+00
1.038524392148711950e+00
1.038193786534034713e+00
1.037850342171362739e+00
1.037513076959180269e+00
1.037165831839253816e+00
1.036824814779253368e+00
1.036484308147125555e+00
1.036138496113841123e+00
1.035795067938999114e+00
1.035457427289576460e+00
1.035131365827184124e+00
1.034797675971332875e+00
1.034471315236792810e+00
1.034150026004944323e+00
1.033840270434748909e+00
1.033529839942123552e+00
1.033226377302768118e+00
1.032735604067902102e+00
1.032305797244092771e+00
1.031868078924944587e+00
1.031435023539169160e+00
1.030997610741247072e+00
1.030567443035425690e+00
1.030136054995203665e+00
1.029722798282330931e+00
1.029293384548551904e+00
1.028875690039651847e+00
1.028462296656979413e+00
1.028061655127983975e+00
1.027660001452003646e+00
1.027265869528006803e+00
1.026880038348740198e+00
