9.866878264888609973e-01
9.877364550111185082e-01
9.886338991469728610e-01
9.894032032443271785e-01
9.900653752631420890e-01
9.901976686359881263e-01
9.906105154024734682e-01
9.909968230304968539e-01
9.913412964065847488e-01
9.916644461329136018e-01
9.919532931815222554e-01
9.922259465383425070e-01
9.924729245136963973e-01
9.927018518649139978e-01
9.929186254038285808e-01
9.931201575525946401e-01
9.933064891455012368e-01
9.934765231472069136e-01
9.936414834137355934e-01
9.937948156135917310e-01
9.939387415376125245e-01
9.940714698606299971e-01
9.941990303225657355e-01
9.943188535243288051e-01
9.945033310409476801e-01
9.946563217861907891e-01
9.948047145341718522e-01
9.949448302216188367e-01
9.950801859883882106e-01
9.952077590220849146e-01
9.953306215841001281e-01
9.954439216530027723e-01
9.955574298351433926e-01
9.956640062016089976e-01
9.957660199596689576e-01
9.958618141565609427e-01
9.959550066138554980e-01
9.960438545128992294e-01
9.961284838226973637e-01
