3.777429055675796121e+02
3.712742526429391319e+02
3.657050992870169921e+02
3.597898384313236306e+02
3.556306923347962652e+02
3.545571521440526794e+02
3.524603041449303191e+02
3.496114327934396329e+02
3.472710273404455847e+02
3.446402274671634132e+02
3.432593493246649814e+02
3.411605949024121287e+02
3.394108909412496473e+02
3.378084863336905528e+02
3.366387410297377869e+02
3.352576163369036522e+02
3.336451035702569925e+02
3.321367839627109788e+02
3.312823659386010604e+02
3.305796269580385456e+02
3.299778238168294138e+02
3.291715546468454363e+02
3.290457468667628973e+02
3.282454228651365611e+02
3.267998029971020060e+02
3.260354179324132247e+02
3.257457685484910144e+02
3.250400733908476241e+02
3.245454565126149191e+02
3.238757673910130848e+02
3.233894541319060068e+02
3.226783066302418774e+02
3.213140968889582609e+02
3.202270587586708643e+02
3.185892305007653817e+02
3.169030216445545420e+02
3.153356578734500886e+02
3.150725309810642329e+02
3.140483974719554681e+02
