9.808483592953619601e-01
9.824112145476030511e-01
9.837413180543460589e-01
9.848759956460714227e-01
9.858485510436559851e-01
9.860423966839232390e-01
9.866463432280205836e-01
9.872101091725468125e-01
9.877117124553647098e-01
9.881813098629353975e-01
9.886002737062079548e-01
9.889950672306837554e-01
9.893521108164317068e-01
9.896825724594970897e-01
9.899950573131740539e-01
9.902851935665099026e-01
9.905531222782315570e-01
9.907973447066623640e-01
9.910340318037984542e-01
9.912538159552546357e-01
9.914599255237086517e-01
9.916498350503866188e-01
9.918322017245344568e-01
9.920033742934869503e-01
9.922666576663877747e-01
9.924847735188150333e-01
9.926961352502559066e-01
9.928955283639778751e-01
9.930879829518497459e-01
9.932692238793828787e-01
9.934436375766764193e-01
9.936043594329627693e-01
9.937652643103742633e-01
9.939162411213391390e-01
9.940606625867740576e-01
9.941961975124342654e-01
9.943279760021581648e-01
9.944535422399780611e-01
9.945730843068710803e-01
