3.296637183012318815e+02
3.288979537533487587e+02
3.273274763695433194e+02
3.245205556814401007e+02
3.234857233896937032e+02
3.231423468028626758e+02
3.223799516696157639e+02
3.211890408750805932e+02
3.201687395955054853e+02
3.192056566814205212e+02
3.184295798449587664e+02
3.174722085943493539e+02
3.167179167316014627e+02
3.160432956355041370e+02
3.154724578091627905e+02
3.147949631941982034e+02
3.141355586080418902e+02
3.134923221508323650e+02
3.131822071681389161e+02
3.128544132103838820e+02
3.125385090934074128e+02
3.122660713305025411e+02
3.121172814145589882e+02
3.118092789372583979e+02
3.111748509053713292e+02
3.109187790533152338e+02
3.107731861726747979e+02
3.105125129823082943e+02
3.103709088256856603e+02
3.102354010182662023e+02
3.100275685271602697e+02
3.098847175422303621e+02
3.094605372042647105e+02
3.091173281710712786e+02
3.084889914983790504e+02
3.078119941303247629e+02
3.071133256309366288e+02
3.069588120561128335e+02
3.064388979685528511e+02
