1.342176260141225794e+04
1.335242901163080569e+04
1.330052059878317232e+04
1.325755959019725378e+04
1.319820432118301505e+04
1.314196129383404877e+04
1.330032909587930408e+04
1.323367048135060031e+04
1.320268527239632022e+04
1.321643918273984673e+04
1.314239418835860852e+04
1.313014963635905588e+04
1.309547860372295509e+04
1.305858019413397233e+04
1.302271708170243983e+04
1.301043197683382459e+04
1.297512799042343977e+04
1.295439495943095972e+04
1.293864864146310174e+04
1.291418712408742795e+04
1.288043967475538375e+04
1.284465249913768821e+04
1.281275522784630630e+04
1.277187855841843702e+04
1.276184421432291492e+04
1.273647736981720118e+04
1.271210012274059955e+04
1.269026216631863281e+04
1.267370026971526022e+04
1.265598002254153471e+04
1.263484777989876056e+04
1.261845749107781739e+04
1.260060282624120373e+04
1.259874879714573035e+04
1.259344120761218801e+04
1.257475863231571930e+04
1.257832941536074577e+04
1.256323798757219629e+04
1.255127509804510009e+04
1.252463981222895563e+04
1.253135742202826623e+04
1.252220377078905403e+04
1.251152616036155268e+04
1.250786952523374930e+04
1.249877550850042644e+04
1.247908500121475117e+04
1.248065654405550231e+04
1.246935186710795824e+04
1.245855762649439384e+04
1.244297986750675409e+04
1.243412141482869083e+04
1.241886674690750806e+04
1.240474355116083461e+04
1.238780484683843497e+04
1.236913647294779548e+04
1.237154422254260680e+04
1.235457437768905402e+04
1.234101497626505261e+04
