6.988074732903415679e+03
7.207755262084058813e+03
7.394118471268695430e+03
7.520887217053573295e+03
7.710015633423661711e+03
7.892307543236332094e+03
7.354588904364578411e+03
7.509667220315874147e+03
7.655621308865101128e+03
7.554963976980966436e+03
7.808892415530177459e+03
7.829670786966169544e+03
7.927721285205469030e+03
8.046305330476788185e+03
8.132681891545589679e+03
8.152259795150107493e+03
8.238032360299852371e+03
8.296534556585966129e+03
8.336856918041201425e+03
8.398581963109052595e+03
8.483118411942936291e+03
8.569732768427318661e+03
8.648944925177758705e+03
8.758510044898581327e+03
8.761177650882800663e+03
8.817674152277188114e+03
8.873567965405170980e+03
8.922433919874683852e+03
8.957568442692465396e+03
8.996272757033297239e+03
9.045756719708753735e+03
9.084789371171631501e+03
9.120386756090503695e+03
9.113251236858244738e+03
9.112516020404415030e+03
9.155555400286451913e+03
9.137904094991155944e+03
9.173545879239796704e+03
9.189521598956029266e+03
9.262815799734536995e+03
9.231957731701933881e+03
9.246333250905292516e+03
9.268582742018028512e+03
9.271343375340968123e+03
9.289192970819536640e+03
9.344326590182583459e+03
9.328480502363123378e+03
9.348274104321819323e+03
9.370137644605369132e+03
9.404719385684324152e+03
9.423260679808587156e+03
9.459173200039194853e+03
9.487057697644906511e+03
9.523389073820664635e+03
9.564850884624331229e+03
9.555718739558406014e+03
9.590390360870504082e+03
9.618120956714104977e+03
