1.640183024299346653e+04
1.609830487018315580e+04
1.580612288573835031e+04
1.563676665069480077e+04
1.536308618219250820e+04
1.509384417442283302e+04
1.587398625759661809e+04
1.572287479355005598e+04
1.544210946048052392e+04
1.564548132297272059e+04
1.525364829019482204e+04
1.523216329987142672e+04
1.509653117691600528e+04
1.491337542876203224e+04
1.481468354186354918e+04
1.479709937460060792e+04
1.469751651515494086e+04
1.460906866180866564e+04
1.454832186357113460e+04
1.446706761918181655e+04
1.434906265957469623e+04
1.423459150744277395e+04
1.412482190992103642e+04
1.396859817534090689e+04
1.397695339137450173e+04
1.390278113899934215e+04
1.382693203747975531e+04
1.375984266069629848e+04
1.370887365327488806e+04
1.365375601729990012e+04
1.358490116736077471e+04
1.352508934088847491e+04
1.348065208772542064e+04
1.348733383261091512e+04
1.349099633464734325e+04
1.343150268193260490e+04
1.344668240656521266e+04
1.339359077312141017e+04
1.337398739770057000e+04
1.326578737928685223e+04
1.330358768777073419e+04
1.328355215255028270e+04
1.324851930983095372e+04
1.323819026677541842e+04
1.320944934375589764e+04
1.312308394059780221e+04
1.314247270289658991e+04
1.311838133714815558e+04
1.308618462542276939e+04
1.303995377360511702e+04
1.301091545517341001e+04
1.296068265464589422e+04
1.292770810216181599e+04
1.288428902618687971e+04
1.283222142329032431e+04
1.283446103216856500e+04
1.279461244010315932e+04
1.276009064568894792e+04
