1.830023277067938034e+04
1.791255552228088345e+04
1.753924431871234265e+04
1.732042629091013077e+04
1.697270129909400566e+04
1.663144812727812678e+04
1.758437173099092252e+04
1.738978154742576589e+04
1.703135949811107639e+04
1.727309022877820826e+04
1.678019201285962845e+04
1.674454148594528669e+04
1.656850356121331060e+04
1.633446588526787855e+04
1.620543440959931831e+04
1.617444612143481572e+04
1.604465117842301879e+04
1.592798005195628139e+04
1.584466941394302376e+04
1.573781980825494975e+04
1.557960807007752192e+04
1.542605220739579090e+04
1.527919274538613899e+04
1.507742083040364196e+04
1.507392840714971680e+04
1.497179707693963064e+04
1.486867298732852396e+04
1.477663007660345829e+04
1.470380824151496017e+04
1.462665524763351277e+04
1.453391394226455304e+04
1.445258725590137328e+04
1.438990463840106349e+04
1.438773749508304172e+04
1.438243484476753292e+04
1.430362624611480896e+04
1.431220933958654496e+04
1.424083109155793682e+04
1.420625703078415245e+04
1.407146362633404715e+04
1.410707213138273619e+04
1.407425141069373967e+04
1.402496077784543013e+04
1.400474493568959406e+04
1.396443096573496405e+04
1.385582745079061351e+04
1.387013477646570391e+04
1.383423288740959288e+04
1.379114341295839586e+04
1.373134285292110144e+04
1.368951329281575818e+04
1.362598598907716041e+04
1.357760471057700670e+04
1.351980425924637166e+04
1.346106049302997417e+04
1.344826111248931193e+04
1.339341712122998979e+04
1.334997836176432611e+04
