1.580299034372312235e+04
1.554920293601491721e+04
1.530920581464278985e+04
1.516680824956706601e+04
1.493831322838956658e+04
1.471474459371202647e+04
1.536547752864170252e+04
1.522795856226033538e+04
1.500224923409343501e+04
1.516354312464462964e+04
1.483954016882005271e+04
1.481835976464385203e+04
1.470355922535093669e+04
1.455163939879577993e+04
1.446495596421193477e+04
1.444753818253496866e+04
1.436068801565926151e+04
1.428634494029534835e+04
1.423473717310952452e+04
1.416479031837758521e+04
1.406371640798043154e+04
1.396528590644830001e+04
1.387172693019544931e+04
1.373979724153340248e+04
1.374273277841631170e+04
1.367844143554863876e+04
1.361302553442900171e+04
1.355497851681186694e+04
1.351102662431924364e+04
1.346376795039527860e+04
1.340515986355705900e+04
1.335459465309574080e+04
1.331517968936313264e+04
1.331956597624461756e+04
1.332034158771089278e+04
1.326907263748988771e+04
1.328170406390294374e+04
1.323653239279598529e+04
1.321759029717983685e+04
1.312722232938512389e+04
1.315766500451098727e+04
1.313946427030776613e+04
1.310934603787206106e+04
1.309995312852907409e+04
1.307519467447260104e+04
1.300350894707535917e+04
1.301890674861239131e+04
1.299636524931302483e+04
1.296855870879032227e+04
1.292862035927888610e+04
1.290375047797243133e+04
1.286194845929011717e+04
1.283242792775662929e+04
1.279336038972556162e+04
1.274786151063667057e+04
1.275064916964974145e+04
1.271494969379916074e+04
1.268426362560326561e+04
