9.461648095994480173e+03
9.641219532639855970e+03
9.811694592334995832e+03
9.907559964230871628e+03
1.007238957296530134e+04
1.023090718949248912e+04
9.756557455776637653e+03
9.857157258610472127e+03
1.002495391396862578e+04
9.902955768515186719e+03
1.013395652962023632e+04
1.015549421030736994e+04
1.023578536530211932e+04
1.034271562385802281e+04
1.040125333616059834e+04
1.041274625694932365e+04
1.046919053074602016e+04
1.052244922993050750e+04
1.055876728770288537e+04
1.060704663770084517e+04
1.067731641087521530e+04
1.074305642804562740e+04
1.080605442751680857e+04
1.089580504819476300e+04
1.089256322794096559e+04
1.093481678563390597e+04
1.097858336918855457e+04
1.101779077441611480e+04
1.104691702248239380e+04
1.107795611924722289e+04
1.111636685357098031e+04
1.115000994161918788e+04
1.117626858723608166e+04
1.117303203766306615e+04
1.117290741105680900e+04
1.120812186322228627e+04
1.119962328953161341e+04
1.123064337258305932e+04
1.124365191196652268e+04
1.130470328222443823e+04
1.128533519632479693e+04
1.129770360009429896e+04
1.131892115918253694e+04
1.132707386024789412e+04
1.134503842141010318e+04
1.139481111194318146e+04
1.138433451372300442e+04
1.140147842883343401e+04
1.142140418973769374e+04
1.144876606119360440e+04
1.146637446742915199e+04
1.149289476518911033e+04
1.151308335135337074e+04
1.153951826368326874e+04
1.156979633642507542e+04
1.156773619688311555e+04
1.159065315376195394e+04
1.161032811189144377e+04
