3.417451657060643697e+02
3.398555139644265637e+02
3.379859838346100105e+02
3.351910289762782895e+02
3.334030678936450158e+02
3.328084985733115104e+02
3.320833150758373336e+02
3.305420356267685520e+02
3.293140243887382326e+02
3.277122908100782297e+02
3.271761506687953442e+02
3.258960993707260627e+02
3.248567047374750700e+02
3.238943299589403182e+02
3.233016285131284917e+02
3.224613265369047213e+02
3.213506405598254219e+02
3.202931980148537718e+02
3.198384050530078753e+02
3.194994340302015416e+02
3.192329686569905789e+02
3.187386790926005915e+02
3.188864453070872287e+02
3.183645455248073972e+02
3.173503286731938147e+02
3.169186165822291059e+02
3.169327068124339348e+02
3.165236724791409415e+02
3.163045812043519049e+02
3.158963789824387050e+02
3.156566495566837034e+02
3.151753819393699132e+02
3.140587226885260748e+02
3.131952902587498215e+02
3.117865708155420634e+02
3.103165155246001632e+02
3.089555051422054817e+02
3.088538322053580032e+02
3.080030000419675389e+02
