9.893218312621941957e-01
9.901650417164766793e-01
9.908864021013914503e-01
9.915045576988704701e-01
9.920364772871517189e-01
9.921427309965166197e-01
9.924742797938487238e-01
9.927844658769863218e-01
9.930610206108790861e-01
9.933204213075419453e-01
9.935522579260479548e-01
9.937710724263715267e-01
9.939692608441098587e-01
9.941529469590401069e-01
9.943268656040936682e-01
9.944885424491723969e-01
9.946380132120917761e-01
9.947744007016208201e-01
9.949067095757518908e-01
9.950296841447185958e-01
9.951451078780324533e-01
9.952515456166713959e-01
9.953538338033789401e-01
9.954499128763659721e-01
9.955978253726469607e-01
9.957204837566456801e-01
9.958394485761262738e-01
9.959517712798758859e-01
9.960602722444442669e-01
9.961625292000186871e-01
9.962610055105791673e-01
9.963518130366244563e-01
9.964427832304612043e-01
9.965281942149962768e-01
9.966099452823271587e-01
9.966867091219753227e-01
9.967613852554610965e-01
9.968325774528699057e-01
9.969003870172425952e-01
