3.636540506416485528e+02
3.590745542395579264e+02
3.549614483461249961e+02
3.502509029786882024e+02
3.470411492597635856e+02
3.461649692028112781e+02
3.445837322092471027e+02
3.422496015912379335e+02
3.403402613990635928e+02
3.381292137216718174e+02
3.370536611088103882e+02
3.352780991875414998e+02
3.338077284642526479e+02
3.324574394134583031e+02
3.315046757255135503e+02
3.303331087902705576e+02
3.289271218186451620e+02
3.276039502914107402e+02
3.269041470074229778e+02
3.263376850645149716e+02
3.258595033246436401e+02
3.251777759286644596e+02
3.251445159363486255e+02
3.244560172231958290e+02
3.231848592670783091e+02
3.225507512440995015e+02
3.223701973158466103e+02
3.217804585626815879e+02
3.213918652923420041e+02
3.208278465730573998e+02
3.204354453317792490e+02
3.198184799955150766e+02
3.185634300157946655e+02
3.175718713299690990e+02
3.160368097745447358e+02
3.144481552929123609e+02
3.129710084636139413e+02
3.127663986918216779e+02
3.118130989950840330e+02
