2.832239420315074767e+02
2.896882987073468030e+02
2.945041364575961893e+02
2.972376387860853129e+02
2.996593829242000311e+02
2.999013472979594894e+02
3.015792501454006356e+02
3.022848139822009443e+02
3.029524816076101388e+02
3.030832039350173090e+02
3.039655837749899661e+02
3.040367397623144825e+02
3.041619793994199199e+02
3.042404392411546041e+02
3.045812398965175589e+02
3.046048183186211986e+02
3.042871503845523193e+02
3.039364499792807237e+02
3.041096666226428056e+02
3.043384641345792261e+02
3.045919175010958497e+02
3.045770792758917196e+02
3.051466338205299849e+02
3.050467300236281289e+02
3.046797286880842535e+02
3.047462172285353290e+02
3.052139604099446615e+02
3.052424295091338422e+02
3.054279006903248614e+02
3.054002593364524500e+02
3.055171390219380214e+02
3.053656716313080324e+02
3.045993236062694223e+02
3.040511519308841457e+02
3.029616217198327490e+02
3.017907898145155627e+02
3.007140997496326804e+02
3.008367489745200487e+02
3.002233495957851233e+02
