3.665873281080145034e+02
3.613957529734479408e+02
3.568789734644806231e+02
3.518707571865675732e+02
3.484053634753569781e+02
3.474737768310864681e+02
3.457833784538122472e+02
3.433273515321966443e+02
3.413234560908362596e+02
3.390066890988085788e+02
3.378842653852798321e+02
3.360387005495457515e+02
3.345096959377347048e+02
3.331072004539859108e+02
3.321183385853743175e+02
3.309079678306403594e+02
3.294548701439081810e+02
3.280904416945729167e+02
3.273635015333953220e+02
3.267772363780840692e+02
3.262832087658207456e+02
3.255776940983556642e+02
3.255401318597028535e+02
3.248303837182220377e+02
3.235258340779090531e+02
3.228704086255529546e+02
3.226804115532555670e+02
3.220726485299030060e+02
3.216692161386314410e+02
3.210864463875084880e+02
3.206823543658865674e+02
3.200481495422291687e+02
3.187673082311048915e+02
3.177557252558304981e+02
3.161956094391849206e+02
3.145829387570797735e+02
3.130859480443559733e+02
3.128777560355011929e+02
3.119129230542139339e+02
