6.961358859434325641e-01
7.301058869051032518e-01
7.580461433357124079e-01
7.810508919474200562e-01
8.000928177729671464e-01
8.038092638723881578e-01
8.152138721521420273e-01
8.256157523516598484e-01
8.346675781719660181e-01
8.429651174174195294e-01
8.502216577574600587e-01
8.569319236135954920e-01
8.628930834115410287e-01
8.683189825831486575e-01
8.733685629452627719e-01
8.779862357921394134e-01
8.821898986848581981e-01
8.859709693115254137e-01
8.895893292916696726e-01
8.929087668380875087e-01
8.959863023213312516e-01
8.987917204880757627e-01
9.014585097967061644e-01
9.039374368195457476e-01
9.077048302572879868e-01
9.107843725455586625e-01
9.137328695226160091e-01
9.164824131057528467e-01
9.191070206324413183e-01
9.215526112758184452e-01
9.238823586070091798e-01
9.260087737512804340e-01
9.281181218231751018e-01
9.300797280144194046e-01
9.319403529509401318e-01
9.336725439374322644e-01
9.353438861861049780e-01
9.369247586331010957e-01
9.384192857476394423e-01
