3.751097593837071713e+02
3.689072451490416142e+02
3.635624925941716015e+02
3.578450056699322772e+02
3.538390136330615974e+02
3.527971998115164638e+02
3.507914379290433544e+02
3.480317053512482630e+02
3.457683044614245773e+02
3.432100115743352831e+02
3.418891018621694684e+02
3.398496428401731464e+02
3.381519322798176290e+02
3.365968899640137124e+02
3.354702216729066322e+02
3.341300135997204848e+02
3.325559030201707742e+02
3.310824017893621090e+02
3.302589285230084215e+02
3.295845624390336752e+02
3.290091236761716118e+02
3.282276101576053975e+02
3.281235208156818430e+02
3.273455987188311838e+02
3.259350146710415856e+02
3.251978053531167916e+02
3.249330901833325242e+02
3.242519994446357714e+02
3.237803754423396185e+02
3.231326826587110759e+02
3.226672394581742083e+02
3.219756682413254794e+02
3.206327357119232033e+02
3.195650087383095297e+02
3.179471123085919544e+02
3.162798111933096266e+02
3.147305969948277493e+02
3.144817169840052884e+02
3.134729732737762333e+02
