1.050000000000000000e+03
1.069000000000000000e+03
1.088000000000000000e+03
1.107000000000000000e+03
1.128000000000000000e+03
1.147000000000000000e+03
1.168000000000000000e+03
1.189000000000000000e+03
1.211000000000000000e+03
1.232000000000000000e+03
1.254000000000000000e+03
1.276000000000000000e+03
1.300000000000000000e+03
1.323000000000000000e+03
1.347000000000000000e+03
1.371000000000000000e+03
1.395500000000000000e+03
1.421000000000000000e+03
1.446000000000000000e+03
1.472000000000000000e+03
1.498000000000000000e+03
1.525000000000000000e+03
1.553000000000000000e+03
1.580000000000000000e+03
1.608000000000000000e+03
1.638000000000000000e+03
1.667000000000000000e+03
1.697000000000000000e+03
1.728000000000000000e+03
1.758000000000000000e+03
