2.155280796603431554e+03
2.185453411903792585e+03
2.188073297375692164e+03
2.196083033830009754e+03
2.195844725063955593e+03
2.197333092119113644e+03
2.201040382577623859e+03
2.208382555977217635e+03
2.204578446610816627e+03
2.212639126220827620e+03
2.212920471142520910e+03
2.214449074554702747e+03
2.213972316505774415e+03
2.225841948960472109e+03
2.204241195431833148e+03
2.211167466597885323e+03
2.188136898097381618e+03
2.191971012531768338e+03
2.176800854977845120e+03
2.169291242039794724e+03
2.187384300305517172e+03
2.181992392649045996e+03
2.188655168242959007e+03
2.179318873024471486e+03
2.203520003051351523e+03
2.215369764480335107e+03
2.228329404572071326e+03
2.223604138768542271e+03
2.192202584683000623e+03
2.194921576926356465e+03
