1.027226828479764320e+00
1.026844748905209048e+00
1.026474831199358118e+00
1.026116561808326555e+00
1.025733546066031732e+00
1.025398236986438727e+00
1.025039499534878829e+00
1.024692682617687867e+00
1.024341560996670619e+00
1.024017535786586164e+00
1.023689225371315681e+00
1.023371813713501055e+00
1.023037407272949340e+00
1.022728014329152613e+00
1.022416190429320526e+00
1.022115101322796704e+00
1.021818295010084920e+00
1.021520166663701046e+00
1.021238066119331878e+00
1.020954866831719654e+00
1.020681560753275541e+00
1.020407711540614049e+00
1.020133926242173361e+00
1.019879282279604116e+00
1.019624444897412330e+00
1.019361329328452470e+00
1.019116258401947972e+00
1.018871849166426147e+00
1.018628540665484916e+00
1.018401582598091215e+00
