1.365664912088893061e+03
1.494331847740060311e+03
1.485160149900077613e+03
1.391527011458837478e+03
1.390207476349991566e+03
1.367199759857440313e+03
1.295048786863595069e+03
1.336668746711233780e+03
1.354691688509990172e+03
1.314523551025903544e+03
1.309827307881983415e+03
1.324574496240904409e+03
1.316485824907731512e+03
1.311414586132375689e+03
1.287477015593840861e+03
1.270872547492141166e+03
1.247190266525532934e+03
1.253402570941863814e+03
1.251254885862862466e+03
1.243441590517924169e+03
1.231189577997504557e+03
1.217854230618376050e+03
1.204926927198646354e+03
1.197060580591435837e+03
1.188717340468659131e+03
1.180766314181624921e+03
1.169150155712617106e+03
1.162281433911171916e+03
1.157809801887954563e+03
1.149234918534802773e+03
1.144165451506307136e+03
1.139375792962638116e+03
1.135054951713510036e+03
1.131787073988421753e+03
1.128742994321974038e+03
1.125133907633801755e+03
1.123303836132016841e+03
1.120357196816468331e+03
1.116120458581115827e+03
1.112738434052684624e+03
1.112354465383491515e+03
1.109799885173790017e+03
1.108187452703246436e+03
1.106835467050259922e+03
1.106358663935491677e+03
1.105290604361375244e+03
1.103586058708305700e+03
1.103065050512830339e+03
1.101315395319768413e+03
1.098976432333143066e+03
1.096462821735477746e+03
1.091656670054064307e+03
1.087375764549536370e+03
1.079831426222255232e+03
1.072543853300023102e+03
1.069316974515399579e+03
1.067712197417414245e+03
1.065752715922574453e+03
1.058718616114284714e+03
1.044478513814950475e+03
1.042993621609089587e+03
1.041808930487442240e+03
1.040901041595154766e+03
1.039751337643557463e+03
