6.893199541494476534e+02
5.785442911049320855e+02
5.776043212186721121e+02
6.554450899828312913e+02
6.539459774832500898e+02
6.703971798380781593e+02
7.303329709746897151e+02
6.935466419655256232e+02
6.784381704316722335e+02
7.111360728592197802e+02
7.136141929914297179e+02
7.003401750876880669e+02
7.067334254835521961e+02
7.109369840728741110e+02
7.311547059768441841e+02
7.459743191240430633e+02
7.649893521404216017e+02
7.591463130381947622e+02
7.606738989709426733e+02
7.671079131654768162e+02
7.772468269452436971e+02
7.883275098580222675e+02
7.990224298483061602e+02
8.054599167752751327e+02
8.123698225951380891e+02
8.188559832530418134e+02
8.284990648895762888e+02
8.341860948001267388e+02
8.378770187196238339e+02
8.449811269766182704e+02
8.490760444992417888e+02
8.530302121533272839e+02
8.565533481340592061e+02
8.592823577662222760e+02
8.617318556567444148e+02
8.646587268071881454e+02
8.662373828645097547e+02
8.685841238569303187e+02
8.720698470691123703e+02
8.747551798546915052e+02
8.750920184017463725e+02
8.770561882045502671e+02
8.784038311913100188e+02
8.795559150127641033e+02
8.798978064202822225e+02
8.807694386611109394e+02
8.821279838072681514e+02
8.827196836725947833e+02
8.842386784396749135e+02
8.863499993816415099e+02
8.887098314089847690e+02
8.929314024963553038e+02
8.969853756680689685e+02
9.034644567934568613e+02
9.097128286675859954e+02
9.125291124116863557e+02
9.137502289765509431e+02
9.152195563117970778e+02
9.203306168678037693e+02
9.309085278070838285e+02
9.323799153672096054e+02
9.338343476142929376e+02
9.349657531074750523e+02
9.360990178285400134e+02
