7.493513039277255530e+02
6.332542191468393185e+02
6.301543278814936002e+02
7.091344832016454802e+02
7.060113709638216051e+02
7.213614129298883881e+02
7.810603208723288162e+02
7.423444114795785254e+02
7.258633785373058345e+02
7.579690174124298210e+02
7.592878722485485241e+02
7.447740652339884946e+02
7.502784141144580872e+02
7.536438529585076367e+02
7.732637439440414937e+02
7.874754132773941819e+02
8.057397525056409222e+02
7.990212886831437800e+02
7.997548413273269716e+02
8.055100489123834677e+02
8.144619582235445705e+02
8.243980405673312362e+02
8.340364953127732406e+02
8.394346045518252595e+02
8.454021262265243877e+02
8.509714389349776411e+02
8.597706030488704982e+02
8.646567269379179379e+02
8.675743953890923876e+02
8.739481927857450501e+02
8.773525448074748283e+02
8.806708440058930591e+02
8.835679955537800652e+02
8.857119855203432053e+02
8.876022018290408369e+02
8.900080389839804411e+02
8.910875279877217281e+02
8.929525165581875399e+02
8.957786588857929928e+02
8.979891343851020338e+02
8.978707863087631722e+02
8.993627537323689012e+02
9.002707731975423258e+02
9.010066864417742636e+02
9.009398952579683737e+02
9.014003677539906221e+02
9.023554696218072877e+02
9.025737220592633321e+02
9.037231640505183350e+02
9.054756597659529689e+02
9.074886933282400605e+02
9.113590939299198226e+02
9.150880518483672859e+02
9.212384848210630253e+02
9.271626703136748802e+02
9.296819794625266695e+02
9.306084865005059328e+02
9.317847799406031299e+02
9.351941845658906232e+02
9.434142393958122739e+02
9.446637856531658599e+02
9.459030674812130428e+02
9.468435975349409546e+02
9.477953892685908386e+02
