1.397528150389182429e+03
1.551173121818516620e+03
1.530527801428038856e+03
1.416937498208814532e+03
1.411876087204833084e+03
1.380959382710766931e+03
1.294047308086021530e+03
1.341021254713692315e+03
1.362879484263612767e+03
1.314052484074679342e+03
1.305338538540756872e+03
1.321586462558754874e+03
1.311477870204247438e+03
1.306191350510799111e+03
1.278146337472030382e+03
1.261414924626946913e+03
1.230934146916329382e+03
1.236652382254010945e+03
1.233635855764303415e+03
1.223959023374687831e+03
1.209436292718080267e+03
1.193746761715019829e+03
1.178679177740948944e+03
1.169296754069848475e+03
1.159671040694143585e+03
1.150428482618037833e+03
1.137020365836294332e+03
1.129110785367037806e+03
1.123887709604254269e+03
1.114153154214592178e+03
1.108282335600008309e+03
1.102752554907659942e+03
1.097806806432677377e+03
1.094063075973705736e+03
1.090552839180691763e+03
1.086466195104218741e+03
1.084363847458136206e+03
1.080906383514768095e+03
1.076105202275745569e+03
1.072056951943678541e+03
1.071620925971683619e+03
1.068428865162340799e+03
1.066666852495234934e+03
1.064963983419042734e+03
1.064400579256496940e+03
1.063026049468840483e+03
1.060639142081765158e+03
1.060038348490666067e+03
1.057840267100984647e+03
1.054615982252871163e+03
1.051900917514836465e+03
1.045836962149215879e+03
1.040699890698215768e+03
1.032318108457608332e+03
1.023953178870717920e+03
1.020116562746808995e+03
1.018778608112613824e+03
1.016679883241167204e+03
1.009418890728808151e+03
9.930143088973109116e+02
9.927675703351734455e+02
9.885348692387774463e+02
9.872229520485609555e+02
9.879894054248827615e+02
