1.162248477787564070e+03
1.243169358257079011e+03
1.245571543826429206e+03
1.187242630216300768e+03
1.189344919151569229e+03
1.177580780095888258e+03
1.131933767395953964e+03
1.160955148089781687e+03
1.172205504690770795e+03
1.147083974373019828e+03
1.146910191610839320e+03
1.157582397438350426e+03
1.152721614448681748e+03
1.148723332624390650e+03
1.132896425571128248e+03
1.119314536786153440e+03
1.106169678174229148e+03
1.111736248309735856e+03
1.110777792408978939e+03
1.106110238806801135e+03
1.098131312474603874e+03
1.089327051092103829e+03
1.080633160275179534e+03
1.075563569949755674e+03
1.069877681578623651e+03
1.064540889538889587e+03
1.056588684156478621e+03
1.051924106648338693e+03
1.048929222801531296e+03
1.042945616023693901e+03
1.039500994525210899e+03
1.036221096038181258e+03
1.033240952909464340e+03
1.031005573439713771e+03
1.028918558438007949e+03
1.026406087740738712e+03
1.025120417011304880e+03
1.023163115069336527e+03
1.020251831718610447e+03
1.018036866740068490e+03
1.017772503222436058e+03
1.016132427796634374e+03
1.015073314663772521e+03
1.014216762556086110e+03
1.014027895953062398e+03
1.013432344540321537e+03
1.012454746415980594e+03
1.012274851980854464e+03
1.011321441562018663e+03
1.009991760238637653e+03
1.008551117679834533e+03
1.005491734770158587e+03
1.002700934199185440e+03
9.975828138590881053e+02
9.923623322618535667e+02
9.899114732592195196e+02
9.887109809494365891e+02
9.873087101491817066e+02
9.816005598647370789e+02
9.706124778946500555e+02
9.693025008279398662e+02
9.681627570532480149e+02
9.657985858853023728e+02
9.640380624901246165e+02
