9.061909628699238510e+02
8.716886681893188324e+02
8.847480419169606876e+02
9.082479858875113905e+02
9.129600040721496725e+02
9.220035126419335256e+02
9.385334943839973221e+02
9.330958691747825924e+02
9.285079439288468848e+02
9.377609176770552040e+02
9.439416516936471453e+02
9.427034019500180193e+02
9.448572250223552373e+02
9.442069317177059702e+02
9.483639744092275805e+02
9.460704621084836390e+02
9.549865589399963710e+02
9.566945543462157957e+02
9.578659561763070087e+02
9.601932673279911796e+02
9.624362982659783938e+02
9.646111445685834269e+02
9.663965138425601253e+02
9.678882156775036947e+02
9.688861635213097543e+02
9.698826319460840750e+02
9.711992016191439916e+02
9.720575639772243903e+02
9.726997963657169066e+02
9.734254925284346882e+02
9.739616502777437290e+02
9.745092709938508051e+02
9.749244879433405231e+02
9.753036419160032438e+02
9.756201345461068968e+02
9.758796324553786690e+02
9.760616633710528731e+02
9.764340297999663107e+02
9.768947778846514893e+02
9.773786333612255248e+02
9.774551453962665164e+02
9.778093007239974668e+02
9.781126722809840430e+02
9.784926367072399671e+02
9.788029570899636838e+02
9.792416161426009467e+02
9.797586943365299703e+02
9.803678086786060248e+02
9.811030615182181691e+02
9.820780850648968681e+02
9.831654159162540054e+02
9.842791090214353744e+02
9.853641387209677305e+02
9.862900160249043893e+02
9.866794409651990918e+02
9.865925801898489453e+02
9.865093329027852178e+02
9.864660112554046236e+02
9.850865098167682845e+02
9.833318376062383095e+02
9.832602042736393742e+02
9.831308207223221416e+02
9.830194840068085114e+02
9.830410808731038514e+02
