7.426718658977149516e+02
6.481835568420412983e+02
6.523828871159986420e+02
7.182046077440772933e+02
7.189236647442420463e+02
7.343689041703349858e+02
7.843548328724248222e+02
7.555206384881607846e+02
7.427179942891548308e+02
7.700522993331348971e+02
7.743712205962038979e+02
7.642489392754025630e+02
7.697260842053354963e+02
7.724547828219518806e+02
7.887319300318163187e+02
7.984250383993307878e+02
8.158045998253315929e+02
8.123109080035994793e+02
8.138874905654347458e+02
8.194744181579949327e+02
8.277000306627924147e+02
8.365580377502901683e+02
8.449787660458341634e+02
8.502186872826333683e+02
8.555999972855721580e+02
8.606611273335173564e+02
8.681329421543759963e+02
8.725774653913775865e+02
8.754944508672091388e+02
8.809052114520100076e+02
8.840585579438231889e+02
8.871301819040056671e+02
8.898281570706157027e+02
8.919567332023037807e+02
8.938338177657545884e+02
8.960437495399986574e+02
8.972666013237206926e+02
8.991002910154754773e+02
9.017951963582460166e+02
9.039140693748448712e+02
9.041947444174969633e+02
9.057183533144331022e+02
9.068332012747148383e+02
9.078341371595577129e+02
9.082028732467772443e+02
9.090066381242100988e+02
9.101960843946876594e+02
9.108990076284184170e+02
9.123099406999068606e+02
9.142249086957488089e+02
9.163871237204413092e+02
9.199037201554905323e+02
9.233001148314378952e+02
9.282624248235782716e+02
9.328982436207500086e+02
9.348850973620592413e+02
9.357090662941436676e+02
9.367392001515817128e+02
9.397703149195413062e+02
9.466132469072574622e+02
9.475643143740386449e+02
9.485679246462597121e+02
9.491129885648152822e+02
9.501034465119184915e+02
