1.513345115169206792e+03
1.689126004505880928e+03
1.666999300905636119e+03
1.536022099803746642e+03
1.530054205362896255e+03
1.494885607561280494e+03
1.396227779741354652e+03
1.448438694360509771e+03
1.471466097668239172e+03
1.415847414487081323e+03
1.405911134164883379e+03
1.423102380333052224e+03
1.410765940516034334e+03
1.403347941650867597e+03
1.370989257168164841e+03
1.350379513057498116e+03
1.316692005653652359e+03
1.322408052892298883e+03
1.318139164192100225e+03
1.306704126201374493e+03
1.289120831887036275e+03
1.270352531998697486e+03
1.252412359299626132e+03
1.240742913463876903e+03
1.228875246857885713e+03
1.217513755791821495e+03
1.201786892198075748e+03
1.192036710169208618e+03
1.185230173121554117e+03
1.173637812083572271e+03
1.166283132059020545e+03
1.159392367232281458e+03
1.153093963269124970e+03
1.148157278663686157e+03
1.143485177500402870e+03
1.138265651353331805e+03
1.135205754077328493e+03
1.130759647517298845e+03
1.124508002034785250e+03
1.119534864900240109e+03
1.118234459539069121e+03
1.114221021631278745e+03
1.111458754163074900e+03
1.109029332845068438e+03
1.107574832107105522e+03
1.105423604246258492e+03
1.102479612172357974e+03
1.101033287629782308e+03
1.098077581938916637e+03
1.094425975012636172e+03
1.090592453518168895e+03
1.084088631678636830e+03
1.078314350790976505e+03
1.068821631242444710e+03
1.059808005517304309e+03
1.055603180726505343e+03
1.053222956713173517e+03
1.050388064831042584e+03
1.039434306967401653e+03
1.019951894195569821e+03
1.014771539769698848e+03
1.015386175066912415e+03
1.013611310935691449e+03
1.010509733683995250e+03
