7.305835192391585906e+02
6.168433126301220000e+02
6.150075350125350724e+02
6.942808706563719170e+02
6.922005155343135812e+02
7.083826015767957642e+02
7.686638401510625727e+02
7.309386322279509614e+02
7.152587374782415282e+02
7.479358888016207629e+02
7.499227497127502602e+02
7.360636021931377400e+02
7.421256373021378749e+02
7.460152200652325973e+02
7.660715743685875623e+02
7.807307306659794222e+02
7.994009779538347402e+02
7.931072344391499200e+02
7.942478537683595050e+02
8.003521224555498748e+02
8.098999209810165212e+02
8.203844785227287275e+02
8.305043478721296424e+02
8.363495818780597801e+02
8.427080611905779506e+02
8.486383278019094405e+02
8.577536539875474091e+02
8.629285486381199917e+02
8.661138635420728633e+02
8.727273276321056983e+02
8.763485356186872650e+02
8.798590428212849019e+02
8.829374196762662450e+02
8.852453398727755030e+02
8.872844290415126807e+02
8.898230337174295528e+02
8.910272465740831649e+02
8.930041831661794731e+02
8.959771396553906015e+02
8.982857375128272679e+02
8.982620042778943343e+02
8.998428377001710032e+02
9.008318966240435657e+02
9.016408186496294093e+02
9.016419592122737185e+02
9.021666837403241743e+02
9.031799802537987034e+02
9.034513590205906439e+02
9.046480437733262079e+02
9.064431925571714146e+02
9.084948047018981470e+02
9.123993776066763530e+02
9.161588748035632079e+02
9.223340917658972558e+02
9.282818264398918018e+02
9.308240111507437859e+02
9.317718098570404663e+02
9.329666817756709634e+02
9.364551820312261725e+02
9.446814870449626369e+02
9.459164536493868809e+02
9.471511249335984530e+02
9.480867409574766498e+02
9.490507721089392135e+02
