1.233566724000656450e+03
1.319439642586406308e+03
1.321987017328995989e+03
1.260087704852752495e+03
1.262317508913146639e+03
1.249833870556438342e+03
1.201391116118166792e+03
1.232188368279318865e+03
1.244128449396475389e+03
1.217466516981624636e+03
1.217283619506015384e+03
1.228610027656618058e+03
1.223451762607186083e+03
1.219208475549016157e+03
1.202411944506542795e+03
1.187996580354178150e+03
1.174046754862545413e+03
1.179954267912175510e+03
1.178935246377021940e+03
1.173984522347071334e+03
1.165515044482923258e+03
1.156172476361461122e+03
1.146946149566119402e+03
1.141565838942759683e+03
1.135530956908881080e+03
1.129868156149016386e+03
1.121428580000638476e+03
1.116478800687326157e+03
1.113299632470865390e+03
1.106950009562845935e+03
1.103293238810754247e+03
1.099813136492211470e+03
1.096650359203588096e+03
1.094274214259893824e+03
1.092064798355773974e+03
1.089397117859602986e+03
1.088036642037493266e+03
1.085971958323716990e+03
1.082906043411102701e+03
1.080570731829433271e+03
1.080297161157095616e+03
1.078570124134259459e+03
1.077453009707851606e+03
1.076551019683513687e+03
1.076356252707078056e+03
1.075742657848488534e+03
1.074709369678572557e+03
1.074523835021379227e+03
1.073525291751087252e+03
1.072124408427299613e+03
1.070621899195711649e+03
1.067396993465918968e+03
1.064466895099758176e+03
1.059070513493631779e+03
1.053556130007349338e+03
1.050986087227756570e+03
1.049713764666115821e+03
1.048214109766631964e+03
1.042191091850885869e+03
1.030633826538784888e+03
1.029157636792676840e+03
1.027889543167681495e+03
1.025705405951482589e+03
1.023700000440608278e+03
