1.057520321465400093e+00
1.056032961118725355e+00
1.054618720730917669e+00
1.053292963904144619e+00
1.051985581975956707e+00
1.050768811833732164e+00
1.049576910645183103e+00
1.048426740137870627e+00
1.047355410621007010e+00
1.046304953886059819e+00
1.045290150234911675e+00
1.044343788880827573e+00
1.043408166493478451e+00
1.042516010544855654e+00
1.041676821781286622e+00
1.040834428756163055e+00
1.040052837672809982e+00
1.039305728172251975e+00
1.038544407589767182e+00
1.037857119993123023e+00
1.036652602087668074e+00
1.035493556509856417e+00
1.034432939776515958e+00
1.033413910058725627e+00
1.032482670234333710e+00
1.031585440535067510e+00
1.030757016794578540e+00
1.029975480571041047e+00
1.029223039079833146e+00
1.028512452205408767e+00
1.027845803258224500e+00
1.027229223968745719e+00
1.026623410952709703e+00
1.026053466157224925e+00
1.025512416654251524e+00
1.025008194930182137e+00
1.024518796577709168e+00
1.024054752997244799e+00
1.023415129182977168e+00
1.022959607792589543e+00
1.022511748894072481e+00
1.022058046186174352e+00
1.021628380585997586e+00
1.021221034543271067e+00
1.020822298228101888e+00
1.020421111015605176e+00
1.020030531720378164e+00
1.019660998770400839e+00
1.019301236446225944e+00
1.018951371071380896e+00
1.018611470837232913e+00
1.018273331661764924e+00
1.017953812285486759e+00
1.017644150945034687e+00
1.017337305151752691e+00
1.017047395860882109e+00
1.016760731237112303e+00
1.016478164186708222e+00
1.014810611520694961e+00
1.012508298545506946e+00
1.012287157282831140e+00
1.012081244600198104e+00
1.011893545030496222e+00
1.011720441223592504e+00
