1.086956418926756873e+00
1.086956332271675985e+00
1.086956191584250941e+00
1.086955977598183853e+00
1.086955647234558064e+00
1.086955182149596633e+00
1.086954514098802616e+00
1.086953589263984776e+00
1.086952388019474691e+00
1.086950782348132583e+00
1.086948700399045453e+00
1.086946149299751196e+00
1.086942888254618378e+00
1.086938917213980949e+00
1.086934227976869449e+00
1.086928377391169986e+00
1.086921704336439198e+00
1.086913978495809951e+00
1.086904489929471751e+00
1.086894268793118901e+00
1.086871723649427190e+00
1.086843035225126597e+00
1.086809068639505327e+00
1.086767668707215639e+00
1.086720531400316769e+00
1.086664846738891965e+00
1.086602661398581526e+00
1.086532718057533486e+00
1.086453205874311934e+00
1.086365331162657766e+00
1.086269835526981087e+00
1.086168633305040654e+00
1.086055501904511722e+00
1.085935083519634858e+00
1.085806692014984254e+00
1.085673285797125409e+00
1.085529741394531289e+00
1.085379535907577075e+00
1.085147482610347991e+00
1.084962618660413769e+00
1.084763264519673420e+00
1.084541850694366705e+00
1.084312461832165342e+00
1.084075727473301276e+00
1.083824315362890367e+00
1.083550103050356705e+00
1.083261019306360984e+00
1.082965859780008033e+00
1.082656774289036505e+00
1.082334165490258737e+00
1.081998515796997795e+00
1.081641413480378899e+00
1.081281351771169463e+00
1.080910125778807185e+00
1.080519366596078834e+00
1.080128033707982382e+00
1.079718766654776285e+00
1.079292488741681932e+00
1.076248885434318847e+00
1.070165269716768952e+00
1.069440202328753031e+00
1.068740185993029002e+00
1.068080692639665985e+00
1.067454024083426267e+00
