9.040728421938481461e+02
8.749058827389743556e+02
8.868065639677790841e+02
9.056235313708027661e+02
9.096788870118776913e+02
9.170977935921698645e+02
9.298231098602283282e+02
9.257059615792595650e+02
9.214721475357956706e+02
9.284122013075713085e+02
9.337647008608174701e+02
9.326597677101755153e+02
9.339587928316461785e+02
9.326603946187005931e+02
9.353421278139873039e+02
9.320367975103049503e+02
9.393674383528782528e+02
9.408283108794935288e+02
9.414416082130783252e+02
9.430031958775897465e+02
9.440011299877148758e+02
9.449067588812587246e+02
9.455024443488779298e+02
9.460033991238736917e+02
9.460593692549590514e+02
9.461397339175503021e+02
9.464503936963408250e+02
9.465020820571545528e+02
9.464354895103443823e+02
9.463462704322189438e+02
9.462087071605562869e+02
9.461265960523102194e+02
9.459329807743888523e+02
9.457596521775801648e+02
9.455488120678757014e+02
9.452938023895019342e+02
9.450243197735019294e+02
9.449209732573793872e+02
9.447227893744080802e+02
9.447164994246248853e+02
9.444017458078990330e+02
9.442850219847365452e+02
9.441654958375345359e+02
9.441428432203080092e+02
9.440757353962326306e+02
9.441102785540111881e+02
9.442150794253257118e+02
9.444507902025555950e+02
9.447874133883260583e+02
9.453448880581971707e+02
9.460168799576562151e+02
9.466588423476807748e+02
9.473052458218722904e+02
9.477380285497494015e+02
9.476648159588708040e+02
9.472447568317221567e+02
9.468430082217871586e+02
9.464571517441289643e+02
9.433489450469955955e+02
9.390610035524549630e+02
9.387253368621228447e+02
9.382985455184123111e+02
9.380009246904297697e+02
9.379555147651652760e+02
