1.286325054163595041e+03
1.387585263540658161e+03
1.388219887868080605e+03
1.313174334270472627e+03
1.314210869104437506e+03
1.297984493447423802e+03
1.240328542772450874e+03
1.274628746405159745e+03
1.287356195461941752e+03
1.255206374696227158e+03
1.253521922802813833e+03
1.265287751345156494e+03
1.258144880778244669e+03
1.252206026667091010e+03
1.231983541413072999e+03
1.214794464125534887e+03
1.197800096628065603e+03
1.203324425590679311e+03
1.201099926857574019e+03
1.194547499976050858e+03
1.183376163820804095e+03
1.171316112122178311e+03
1.159563524084417168e+03
1.152104421938693349e+03
1.144079108524986850e+03
1.136507199583913689e+03
1.126037026187076663e+03
1.119440244409353227e+03
1.114801192131253856e+03
1.106821890121567549e+03
1.101808564126560668e+03
1.097065625376591925e+03
1.092681064650546887e+03
1.089195127985664840e+03
1.085922068835842765e+03
1.082231348988438413e+03
1.079942752003959413e+03
1.076934469005364008e+03
1.072551357663376166e+03
1.069264431987182434e+03
1.068168865233309816e+03
1.065518514048347015e+03
1.063557810551563080e+03
1.061856831837792924e+03
1.060902528467133607e+03
1.059488297040833686e+03
1.057664572052363610e+03
1.056757112178674561e+03
1.055009178883237155e+03
1.052863616609056635e+03
1.050614807248329043e+03
1.046599689082827808e+03
1.042923574288367945e+03
1.036737346428839828e+03
1.030468526226346967e+03
1.027255331759957471e+03
1.025402590826507321e+03
1.023336814753306157e+03
1.013934321596798895e+03
9.975919537835719666e+02
9.957517900686108305e+02
9.941179014187895291e+02
9.912724557802343952e+02
9.890735934776628255e+02
