7.813714857821673831e+02
6.651666210155671024e+02
6.629746826638527182e+02
7.445273499138149873e+02
7.425342172769910576e+02
7.591205405211853758e+02
8.204803734126464860e+02
7.825064599024100289e+02
7.669386427362478571e+02
8.003278634516331067e+02
8.025054805436137713e+02
7.887109853115248370e+02
7.951365242954144605e+02
7.994001550170048631e+02
8.199743661146951581e+02
8.351866632511084845e+02
8.541056394801848910e+02
8.479614275120894717e+02
8.493433966224595224e+02
8.556899245988347502e+02
8.656661139454513432e+02
8.765417226694883084e+02
8.869881304990334456e+02
8.931117934707355062e+02
8.997113992597061269e+02
9.058376130098855583e+02
9.150949508074379537e+02
9.203921021840866388e+02
9.236771896885543356e+02
9.303387949144425875e+02
9.339845443350203595e+02
9.374995822450937339e+02
9.405579215198134762e+02
9.428357586755975035e+02
9.448154573878930478e+02
9.472738212010777943e+02
9.484019096037687859e+02
9.502611646257097391e+02
9.530461984508242494e+02
9.551804371523697910e+02
9.550044961496029146e+02
9.563692950421698242e+02
9.571524355324046383e+02
9.577460498519930070e+02
9.575145866745904186e+02
9.577794005665163013e+02
9.585045638198507731e+02
9.585082906227171406e+02
9.594009360400779087e+02
9.608778427434572222e+02
9.626036845548080692e+02
9.661356457999481790e+02
9.695442023821553903e+02
9.753064337527650878e+02
9.808304502980647612e+02
9.829966136581936098e+02
9.835579221092460784e+02
9.843442814445602380e+02
9.851367825547407620e+02
9.883798275410748602e+02
9.890804501876405084e+02
9.897612436622349605e+02
9.902013330769232198e+02
9.906600783951002995e+02
