1.104436599690715948e+00
1.103519348026910096e+00
1.102578061467229364e+00
1.101632713231595728e+00
1.100639237818751726e+00
1.099658681184055631e+00
1.098644715225575164e+00
1.097615065931064171e+00
1.096609911678027016e+00
1.095580415760835979e+00
1.094543872869665702e+00
1.093539477436406893e+00
1.092510130175029071e+00
1.091494478596131357e+00
1.090508325816599511e+00
1.089488007706958417e+00
1.088513776708333047e+00
1.087557455438292964e+00
1.086557467990650894e+00
1.085632413985940348e+00
1.083959521636179479e+00
1.082286811099103740e+00
1.080701212364873820e+00
1.079127629209070127e+00
1.077646068587074124e+00
1.076178807928265702e+00
1.074788992398535203e+00
1.073446648677297999e+00
1.072125393284754535e+00
1.070851386789795967e+00
1.069632787033217625e+00
1.068485422864970058e+00
1.067338973014034131e+00
1.066242989901609706e+00
1.065186862855710848e+00
1.064188777914812922e+00
1.063207199713432027e+00
1.062264746380968683e+00
1.060946899832940771e+00
1.059995030747216127e+00
1.059048316429813452e+00
1.058078239948539556e+00
1.057149315596980443e+00
1.056259423847037082e+00
1.055379631474572921e+00
1.054485721820351163e+00
1.053607045391226738e+00
1.052768077476685216e+00
1.051944153130780046e+00
1.051136137933518455e+00
1.050344757586382238e+00
1.049551241635297005e+00
1.048795710153358485e+00
1.048058199591896056e+00
1.047322266228339682e+00
1.046622270695965362e+00
1.045925644888089812e+00
1.045234641574319889e+00
1.041069776766863964e+00
1.035080991241908555e+00
1.034491695253414667e+00
1.033940834178497692e+00
1.033436909990196328e+00
1.032970673906974390e+00
