7.813897748174535991e+02
6.651922298507306550e+02
6.630103622756732875e+02
7.445777204738712953e+02
7.426015773435157143e+02
7.592083443733744161e+02
8.205942862298254568e+02
7.826494008222883849e+02
7.671150331474141240e+02
8.005448416064098183e+02
8.027672697575872007e+02
7.890213782174581638e+02
7.955038142994918644e+02
7.998302152274483205e+02
8.204724208614733243e+02
8.357629777397957014e+02
8.547597702336373686e+02
8.486987878484342218e+02
8.501756058010290644e+02
8.566164959323830317e+02
8.667805139433992281e+02
8.778660214595612388e+02
8.885322676793761048e+02
8.948952276234267629e+02
9.017398507353835839e+02
9.081271897616315982e+02
9.176478132700838160e+02
9.232167758406184248e+02
9.267858618411395355e+02
9.337335706728345031e+02
9.376670518953523015e+02
9.414648737895437307e+02
9.448168258155975536e+02
9.473866139757536757e+02
9.496560011185150643e+02
9.523953201061585787e+02
9.538096265447882161e+02
9.559469660954666779e+02
9.591312010329700115e+02
9.615581839703679634e+02
9.616846305170456617e+02
9.633579042656048159e+02
9.644433329550894314e+02
9.653297449307984834e+02
9.653904270159330281e+02
9.659528531468231449e+02
9.669690521714180704e+02
9.672558223530191981e+02
9.684214042159355813e+02
9.701639550419027955e+02
9.721486012053137529e+02
9.759306593238869709e+02
9.795782603705393967e+02
9.855570596769558733e+02
9.912938504745839055e+02
9.936694148341418895e+02
9.944362607345880178e+02
9.954186749363547051e+02
9.972734760435031376e+02
1.001356135502784468e+03
1.002085835622223954e+03
1.002772435116927568e+03
1.003214821258868710e+03
1.003660412280171727e+03
