1.076396218176345428e+03
1.105930376376740242e+03
1.117588812774239386e+03
1.096157752174642383e+03
1.101022011861796273e+03
1.099950542134964280e+03
1.082131499153926598e+03
1.097129306833699502e+03
1.101256389606120138e+03
1.091674886896098997e+03
1.095706315071720610e+03
1.101757009664638872e+03
1.100178942086027519e+03
1.097323485252821229e+03
1.090077586467064293e+03
1.080065014152919957e+03
1.077647086859978572e+03
1.082281851444655331e+03
1.082482120987493545e+03
1.081059002027817769e+03
1.077549239625885775e+03
1.073481740788695333e+03
1.069238156962803941e+03
1.067063960329517386e+03
1.064180331845965384e+03
1.061532161068856567e+03
1.057458635920660527e+03
1.055116285585522292e+03
1.053671209107709501e+03
1.050421154856762087e+03
1.048657979727085603e+03
1.046978827739963890e+03
1.045421942971192038e+03
1.044256162854084778e+03
1.043198312658866143e+03
1.041813589928053489e+03
1.041125161217237746e+03
1.040169503905397050e+03
1.038662650165944569e+03
1.037641358466845304e+03
1.037505482495593242e+03
1.036766771467911894e+03
1.036289088045094786e+03
1.035973884242591339e+03
1.036066021300241573e+03
1.035979555792598831e+03
1.035712980257397248e+03
1.035923344856915037e+03
1.035821833955230431e+03
1.035562049450988752e+03
1.035280233319779654e+03
1.034072282613429707e+03
1.032945314078159754e+03
1.030321730743466560e+03
1.027340304896484668e+03
1.025767094555707445e+03
1.024984533566586379e+03
1.024108168954041048e+03
1.019793040842653681e+03
1.012071739515896297e+03
1.011342974280515818e+03
1.010007765915199570e+03
1.009404633170007969e+03
1.008464075635706649e+03
