5.897343097162055301e+02
4.984452504280811809e+02
5.010632033418671654e+02
5.733903269447005187e+02
5.755957835079650522e+02
5.934909120584030688e+02
6.507249248381974667e+02
6.204512966925257160e+02
6.095316037065812225e+02
6.419206338983407250e+02
6.464731283912783510e+02
6.364834461826118286e+02
6.445202245840553132e+02
6.504999855779791460e+02
6.711415646047935297e+02
6.870274151919986707e+02
7.063201970736176918e+02
7.023916960771092590e+02
7.054320399854096877e+02
7.128930893527397075e+02
7.249454865541072195e+02
7.377833798031252854e+02
7.500587728441754507e+02
7.581775916124522610e+02
7.665732411230585512e+02
7.744816335550908661e+02
7.852755141475320215e+02
7.921816947872306400e+02
7.971030739445384370e+02
8.052320729121653358e+02
8.103720342146348230e+02
8.152774787013594278e+02
8.197422495511697207e+02
8.233672757130827904e+02
8.266654236384063097e+02
8.303601141914640493e+02
8.327133471308645767e+02
8.357624451735823641e+02
8.402034585577312100e+02
8.435557971188112560e+02
8.446084244143614796e+02
8.472476238582382848e+02
8.492421697028352128e+02
8.510044814084017162e+02
8.519581306617451446e+02
8.534266728574824583e+02
8.553502199967200568e+02
8.564845587538671907e+02
8.585066044555222788e+02
8.610884661146567396e+02
8.638947800827522769e+02
8.685240591024268042e+02
8.729612104837469815e+02
8.797703893784758975e+02
8.863617477730123255e+02
8.895644218517295485e+02
8.911945375684738337e+02
8.930606587780332575e+02
9.005529411509893407e+02
9.142786477429609704e+02
9.160422599832074866e+02
9.177670376644408634e+02
9.191474412784117476e+02
9.205094473937469957e+02
