7.999617762044497340e+02
6.818421956760189460e+02
6.784772905727986654e+02
7.596247898368213782e+02
7.565238519050554942e+02
7.721171829051520490e+02
8.326120145412119200e+02
7.934347509982453630e+02
7.767790580239797009e+02
8.092054311042984409e+02
8.103271018103930601e+02
7.954844714774811791e+02
8.008973201453218280e+02
8.041616488608793816e+02
8.238040066339547138e+02
8.380319202719865643e+02
8.560476103480763186e+02
8.489861086951044626e+02
8.494249331212345169e+02
8.549166714756362353e+02
8.633633355861203427e+02
8.727437148884354201e+02
8.818060989901343873e+02
8.865851786509226713e+02
8.919492893680879888e+02
8.968862953768752959e+02
9.050578835870792318e+02
9.093269581299523452e+02
9.116247889505713147e+02
9.173748733103392397e+02
9.201712886537371787e+02
9.229110032134002495e+02
9.252197174047794306e+02
9.268004341896895539e+02
9.281345504975613494e+02
9.300066399638984649e+02
9.305689856176080639e+02
9.319165946765073159e+02
9.340171838239097042e+02
9.356892567515817518e+02
9.350542146824292331e+02
9.359905702848170677e+02
9.363754381648270737e+02
9.366074846278715995e+02
9.360381479740498207e+02
9.359834144826439797e+02
9.364225423722505184e+02
9.361600357001842667e+02
9.368230182136283020e+02
9.380961505044416526e+02
9.396399181639259268e+02
9.430242843185832271e+02
9.463004833515365135e+02
9.519798446454564100e+02
9.574347864018673135e+02
9.595258954131491009e+02
9.600236945561669017e+02
9.607692150714885884e+02
9.616003487199486699e+02
9.660122148734684515e+02
9.668833540037446710e+02
9.677599766133582762e+02
9.683712054853187965e+02
9.690241583797387648e+02
