7.094987873892399648e+02
5.972378903471575313e+02
5.958613837494519885e+02
6.744332512801375970e+02
6.726523650638638401e+02
6.889797907363437162e+02
7.491059236686137410e+02
7.118528258304169185e+02
6.964655587259338745e+02
7.291658696112480129e+02
7.314060112985076785e+02
7.178456934336941231e+02
7.240822651835010220e+02
7.281378315057152122e+02
7.482849926392365205e+02
7.630355165266778386e+02
7.818864811277582021e+02
7.758235424848436423e+02
7.771648603296376905e+02
7.834410398078750859e+02
7.932972022344220022e+02
8.040924087456824054e+02
8.145115129665203995e+02
8.206635799495876427e+02
8.273078645740783941e+02
8.335257112026539517e+02
8.429141561652197652e+02
8.483534865996178951e+02
8.517994430108366259e+02
8.586660151093105924e+02
8.625310473836523215e+02
8.662698206749474821e+02
8.695768553343974645e+02
8.721011778546338746e+02
8.743509422479700106e+02
8.770888482018124250e+02
8.784852151048072528e+02
8.806516509111128244e+02
8.838873501268996051e+02
8.863887263115266251e+02
8.865496217814738884e+02
8.883264099223131325e+02
8.894988801866343238e+02
8.904832243176175552e+02
8.906583970587078056e+02
8.913602181126467485e+02
8.925496553957578953e+02
8.929845731866503229e+02
8.943454797514239090e+02
8.963015920263605949e+02
8.985102501350983175e+02
9.025760372776137501e+02
9.064854585649761702e+02
9.128152121525845359e+02
9.189158025263433274e+02
9.215972533439531844e+02
9.226845657994697376e+02
9.240189309474011452e+02
9.283323773005002977e+02
9.377470633523677179e+02
9.391155497198155899e+02
9.404470276782594738e+02
9.414819436009969422e+02
9.425394648728823768e+02
