1.381159826652178526e+04
1.377310293606304185e+04
1.372137351024094096e+04
1.369923184582122485e+04
1.366792876330358376e+04
1.362298076533452513e+04
1.358347500613221746e+04
1.353252074403599181e+04
1.348492051518768130e+04
1.345125486780662868e+04
1.344308020436346669e+04
1.341262247098118314e+04
1.337803741197796080e+04
1.334779494542881548e+04
1.331691164705961455e+04
1.329049650464109254e+04
1.326209173583858865e+04
1.323618650170255205e+04
1.321222305937597230e+04
1.319088323991224388e+04
1.316929156416923797e+04
1.314689458280249346e+04
1.312917944900426846e+04
1.310731906094253463e+04
1.309354378748772615e+04
1.307753186877336157e+04
1.305951727817844585e+04
1.305089595468067455e+04
1.303591935858716715e+04
1.301457733321775777e+04
1.299736909724069665e+04
1.298884082491957815e+04
1.297363559824438198e+04
1.296040415077892612e+04
1.295062003539015859e+04
1.293838797868163056e+04
1.292562776285988184e+04
1.291493783869479557e+04
1.290050781238205673e+04
1.288781779326242395e+04
1.287256975378148127e+04
1.286121978564924757e+04
1.284604977328041059e+04
1.283055845922009757e+04
1.281464295588086134e+04
1.279838311448322565e+04
1.279325833111255633e+04
1.277715661346501292e+04
1.276328305363705294e+04
