1.236271971827229754e+04
1.238440893764669636e+04
1.239784030043089479e+04
1.234742623042517334e+04
1.235557587947999673e+04
1.235828273872641148e+04
1.235990977645484782e+04
1.234705880996800261e+04
1.233370003590184024e+04
1.233131630145056806e+04
1.232973627959843543e+04
1.232552286418853146e+04
1.231726387048970355e+04
1.231171614746706655e+04
1.230863988667973899e+04
1.229698710614579613e+04
1.228918074932916534e+04
1.228300161538053908e+04
1.227749691427071411e+04
1.227307547475431420e+04
1.226820311668030990e+04
1.226289140110103835e+04
1.226062749882805838e+04
1.225344332547795238e+04
1.225012565907346288e+04
1.224457685625546219e+04
1.224046338575468508e+04
1.224046227324215943e+04
1.223822290210496794e+04
1.223143198938336718e+04
1.223022580934762846e+04
1.222872067064173461e+04
1.222446111875474890e+04
1.222249290238164394e+04
1.222203529727283785e+04
1.222016294890737663e+04
1.222096018404339520e+04
1.221790965531133224e+04
1.221327088713808371e+04
1.221050225598752149e+04
1.220587926173300002e+04
1.220390388257219820e+04
1.219927704047385487e+04
1.219315113390462284e+04
1.218692963477263584e+04
1.218070460473019739e+04
1.218221530017216173e+04
1.217512257087294347e+04
1.216982407055777730e+04
