3.864003151314854222e+03
4.032565189692971671e+03
4.172797737398092977e+03
4.275681424680155942e+03
4.421103665140147314e+03
4.562813822584499576e+03
4.168750726388670046e+03
4.296681196381268819e+03
4.399909968231252606e+03
4.339081639163522595e+03
4.532379799052299859e+03
4.551220592847515945e+03
4.632024569265813625e+03
4.726524696573530491e+03
4.801830961006281541e+03
4.823803935421366987e+03
4.899702323349130893e+03
4.949101679397882435e+03
4.985398429293685695e+03
5.039451355315250112e+03
5.115059393311249551e+03
5.194536377584490765e+03
5.267091621051989023e+03
5.363216622853106855e+03
5.376028799266796341e+03
5.431134417735461284e+03
5.484794636495426857e+03
5.532381084508597269e+03
5.568857852270792137e+03
5.608239449197749309e+03
5.656319138321763603e+03
5.694667115556107092e+03
5.731382812788843694e+03
5.732444684351412434e+03
5.738771914396423199e+03
5.779697968151032001e+03
5.770874073456222504e+03
5.805174583400130359e+03
5.826897384379914001e+03
5.891684674193875253e+03
5.871974135824852965e+03
5.889944781996448000e+03
5.913282604318892481e+03
5.919938361341303789e+03
5.939355236882049212e+03
5.988324192142124957e+03
5.981220819227029097e+03
6.002397726965758011e+03
6.025023720613531623e+03
6.058582142181468043e+03
6.078379926516940941e+03
6.113784192456450910e+03
6.142145992182102418e+03
6.177373388648099535e+03
6.216909589940033584e+03
6.213433865934980531e+03
6.247879002986622254e+03
6.276060979002239947e+03
