1.382961674208949080e+04
1.379839044260577975e+04
1.378486621372709851e+04
1.375775379440147299e+04
1.373354987858421737e+04
1.371100334841379663e+04
1.372927094965370452e+04
1.367556189796725812e+04
1.368519201410978167e+04
1.365107597456316580e+04
1.363231612966198190e+04
1.361560374553261136e+04
1.359259126119238863e+04
1.357611319815665775e+04
1.354515752482265998e+04
1.352528873397451571e+04
1.349457420529565024e+04
1.347943260580419883e+04
1.346411863263641317e+04
1.344370141173445518e+04
1.341302872014982131e+04
1.337843339459299204e+04
1.334818111386259989e+04
1.331728677647003860e+04
1.329086574384807864e+04
1.326245262521597033e+04
1.323653981327710426e+04
1.321256899371747750e+04
1.319122263083460894e+04
1.316962440251712178e+04
1.314722076290630866e+04
1.312949965430354496e+04
1.310763358319400140e+04
1.309385426768550133e+04
1.307783816511587429e+04
1.305981831256797159e+04
1.305119349296335349e+04
1.303621199311089185e+04
1.301486534111084802e+04
1.299764998251851102e+04
1.298911903832489224e+04
1.297390945197862675e+04
1.296067373285136819e+04
1.295088602747995719e+04
1.293865001965022202e+04
1.292588487392920615e+04
1.291519183840594815e+04
1.290075794584699725e+04
1.288806612342963126e+04
1.287281221826541696e+04
1.286145875689159766e+04
1.284628472326088195e+04
1.283078977185425538e+04
1.281487073066278572e+04
1.279860735798898895e+04
1.279347983004708294e+04
1.277737449774663037e+04
1.276349825436917672e+04
