1.084354519514519222e+00
1.083452540514496132e+00
1.082457480847458076e+00
1.081367763822990824e+00
1.080225472483919313e+00
1.079040929159246653e+00
1.077829715050126591e+00
1.076605143724925329e+00
1.075365235216210191e+00
1.074158501201700755e+00
1.073920363689132351e+00
1.072850480846563759e+00
1.071767524458099086e+00
1.070729805627670395e+00
1.069690080762671025e+00
1.068702863187509733e+00
1.067717830316525340e+00
1.066778518480249849e+00
1.065865879412526196e+00
1.064962705321808034e+00
1.064087515610764090e+00
1.063246637180647713e+00
1.062451724264178443e+00
1.061654490742597101e+00
1.060889699635111594e+00
1.060150354661634209e+00
1.059449573152132063e+00
1.058758471780507859e+00
1.058093174285423377e+00
1.057160074083427714e+00
1.056484102081964416e+00
1.055810144701958553e+00
1.055117864007532491e+00
1.054453349935127626e+00
1.053815287691373115e+00
1.053183046012955426e+00
1.052539201301818217e+00
1.051904880662928532e+00
1.051297867934087193e+00
1.050700427709067908e+00
1.050113237752126727e+00
1.049536877236035837e+00
1.048957682294087590e+00
1.048404993907220861e+00
1.047864312814741572e+00
1.047323600182891168e+00
1.046808161377019708e+00
1.046294078796465632e+00
1.045783004964265350e+00
