1.343511254261819886e+04
1.341426762631425845e+04
1.341029075096689121e+04
1.339010679225982676e+04
1.337532404406105525e+04
1.336192924698886782e+04
1.336357910222851751e+04
1.331743891025727316e+04
1.333571093005469993e+04
1.330036830521330558e+04
1.329356725116270718e+04
1.328026061107756504e+04
1.326341226290228587e+04
1.325389195205561919e+04
1.322830756238624417e+04
1.321185067924079885e+04
1.318644416827907662e+04
1.317591862896250132e+04
1.316473922550165298e+04
1.314880221044967220e+04
1.312544028950979373e+04
1.309811325091636536e+04
1.307466017811154052e+04
1.305137407188217185e+04
1.302908232816124473e+04
1.300632813563507079e+04
1.298582080916932318e+04
1.296690512115861202e+04
1.295019208747405537e+04
1.293315974264608303e+04
1.291540329101670250e+04
1.290188199299102598e+04
1.288401497371671758e+04
1.287311553428849220e+04
1.285997882517109247e+04
1.284571867849171394e+04
1.283946569957372594e+04
1.282792089904971544e+04
1.281053453460601122e+04
1.279759452231610339e+04
1.279100627749629712e+04
1.277875912248060922e+04
1.276855829505285692e+04
1.276130075587633655e+04
1.275185241544873861e+04
1.274269020651841493e+04
1.273407824435468501e+04
1.272226452253355455e+04
1.271222808573901966e+04
1.269983814059594260e+04
1.269097424627429973e+04
1.267860051593738899e+04
1.266559094729546814e+04
1.265223162465911628e+04
1.263865794772300796e+04
1.263534648863628900e+04
1.262153619787553725e+04
1.260992668357330331e+04
