1.305941998001869433e+04
1.304815548127380498e+04
1.305301784342205428e+04
1.303923526504724396e+04
1.303319171925609953e+04
1.302831013454475215e+04
1.301435902498471114e+04
1.297517883765642000e+04
1.300150162591984190e+04
1.296491208137451395e+04
1.296927070276343511e+04
1.295908029488357352e+04
1.294795570766449418e+04
1.294492741031660989e+04
1.292432931742171240e+04
1.291101216617396312e+04
1.289054485183494035e+04
1.288432147880647062e+04
1.287698666650072300e+04
1.286522699502101750e+04
1.284868342991829559e+04
1.282814560516953861e+04
1.281105580408226160e+04
1.279492227173029096e+04
1.277645324158271978e+04
1.275900377022465364e+04
1.274357315474983261e+04
1.272940657492538412e+04
1.271704683446650597e+04
1.270431285375106563e+04
1.269094278674409725e+04
1.268138750199021524e+04
1.266729232969698933e+04
1.265908731791587343e+04
1.264864851229208216e+04
1.263795139463797022e+04
1.263391903660082608e+04
1.262563939067529100e+04
1.261198803390084504e+04
1.260313486282160738e+04
1.259836233062094834e+04
1.258892055540128422e+04
1.258160841463018551e+04
1.257673259057989708e+04
1.256994735336847225e+04
1.256423051551924800e+04
1.255760174154441120e+04
1.254829781543864738e+04
1.254079561890886180e+04
1.253111193518297114e+04
1.252463584669316697e+04
1.251494857327006866e+04
1.250432453032424019e+04
1.249344090536996737e+04
1.248242371205443487e+04
1.248078500494520449e+04
1.246938297100652562e+04
1.246000675010416853e+04
