1.231999381175696908e+04
1.235902946004108162e+04
1.241051079533883603e+04
1.242414671628289034e+04
1.246374914410475139e+04
1.250250742105785139e+04
1.235803213405517454e+04
1.234960697610709758e+04
1.241988265913440773e+04
1.235231859185514986e+04
1.242002081112802989e+04
1.241625789355660345e+04
1.242796964581593966e+04
1.245441028446958626e+04
1.245137164321086311e+04
1.244214940968379960e+04
1.243866600000353901e+04
1.244727983342219704e+04
1.245032262426593115e+04
1.245256225108903891e+04
1.245626707244418321e+04
1.245490809082339183e+04
1.245589288260251487e+04
1.246501325306748004e+04
1.244699965986639836e+04
1.244202920760562120e+04
1.243932725595742158e+04
1.243658679278925047e+04
1.243273374206010885e+04
1.242898997144381610e+04
1.242654226151362855e+04
1.242648524574707699e+04
1.242025103253885391e+04
1.241160065076618594e+04
1.240181539391393926e+04
1.240118567231662746e+04
1.239492366364325426e+04
1.239535475680997297e+04
1.238598923081424255e+04
1.239375668519704413e+04
1.238405302889722407e+04
1.237839410413188489e+04
1.237705781760722857e+04
1.237453832014534601e+04
1.237277417657533988e+04
1.238033668272009527e+04
1.237115407847288952e+04
1.236697392501151444e+04
1.236505362582285306e+04
1.236311175232496316e+04
1.236140598822022002e+04
1.235904707760726524e+04
1.235438420519752253e+04
1.235117662093709805e+04
1.234889184045162619e+04
1.234656858079008452e+04
1.234213043979581744e+04
1.233880187106561971e+04
