1.424420809630433359e+04
1.420172376373773841e+04
1.417788183312007641e+04
1.414326463946002877e+04
1.410889669215586946e+04
1.407650732436671569e+04
1.411247597045661678e+04
1.405053190620941859e+04
1.405088210722571421e+04
1.401795955706219866e+04
1.398637906660038425e+04
1.396594383207827559e+04
1.393628939878388519e+04
1.391235147961678013e+04
1.387560539263288410e+04
1.385202782900640887e+04
1.381560588207020373e+04
1.379550913909266455e+04
1.377574594476116363e+04
1.375052224471362570e+04
1.371200724510335203e+04
1.366962694556272982e+04
1.363210709733808653e+04
1.359311623721271098e+04
1.356223404135770215e+04
1.352778271442311961e+04
1.349611122976512888e+04
1.346675875267044830e+04
1.344047937955328234e+04
1.341402905985922189e+04
1.338670093776594877e+04
1.336453361204648172e+04
1.333842366110449257e+04
1.332156705953146957e+04
1.330247834923281516e+04
1.328048763019484795e+04
1.326933586432410630e+04
1.325073199960646889e+04
1.322518228796110088e+04
1.320350000294101483e+04
1.319288757491887736e+04
1.317454660727179726e+04
1.315812320189668753e+04
1.314566603229050452e+04
1.313049620177564248e+04
1.311396904939776687e+04
1.310108118653441306e+04
1.308385573565018422e+04
1.306836457313242863e+04
1.305017654341744674e+04
1.303620767487456760e+04
1.301811100657612769e+04
1.300002339372496863e+04
1.298134543754403421e+04
1.296229786515523665e+04
1.295545444742063410e+04
1.293668658286883874e+04
1.292041038155955539e+04
