1.669765334590111888e+04
1.640768121908298053e+04
1.613351689804232228e+04
1.596964879193207889e+04
1.570958730368798933e+04
1.545567300408312622e+04
1.617713834045353360e+04
1.601892627927103968e+04
1.576134033450338211e+04
1.593631866951539268e+04
1.557011152744303217e+04
1.554161439782208981e+04
1.540904682647214941e+04
1.523554736818244419e+04
1.513496982517237302e+04
1.511066559789742132e+04
1.501010377580747081e+04
1.492333676999923955e+04
1.486147947928795293e+04
1.478000823737590872e+04
1.466071922971168351e+04
1.454458461447893933e+04
1.443439805404811341e+04
1.428267910499814207e+04
1.427862669933277539e+04
1.420143292332198871e+04
1.412352322102417020e+04
1.405396301705252881e+04
1.399983241611524318e+04
1.394242870754947035e+04
1.387313349893792838e+04
1.381294630595020135e+04
1.376493585325067033e+04
1.376427754111553259e+04
1.375996038898263942e+04
1.370000886424782584e+04
1.370867590556423784e+04
1.365559623840228960e+04
1.362887239720555954e+04
1.352752408619861671e+04
1.355542846602675309e+04
1.353124519574211445e+04
1.349455955993339376e+04
1.348016897239356877e+04
1.344949376857329480e+04
1.336879878274222028e+04
1.338090824946769317e+04
1.335291137946714662e+04
1.331939463622988660e+04
1.327314742851626397e+04
1.324291110860376102e+04
1.319480270771500363e+04
1.315995057971131064e+04
1.311515797191276033e+04
1.306366267552594400e+04
1.306318348121438066e+04
1.302228964563611953e+04
1.298674477137429312e+04
