1.501790787092327446e+04
1.489965406684634581e+04
1.480247177861460113e+04
1.472847556403322778e+04
1.462540075348128812e+04
1.452694420029421235e+04
1.477203572120178251e+04
1.467241261782115180e+04
1.460004360055622237e+04
1.462503115191304823e+04
1.449431360746500286e+04
1.446858978401410786e+04
1.440700071565714825e+04
1.433889950592515197e+04
1.428038838205270076e+04
1.425494853141617750e+04
1.419730716518108420e+04
1.415696002339739061e+04
1.412417944084620649e+04
1.408092072332378666e+04
1.401690696527158070e+04
1.395125814817610444e+04
1.389140029711144416e+04
1.381848612051583768e+04
1.379329396968154106e+04
1.374517400100649866e+04
1.369894954457229142e+04
1.365677104963980491e+04
1.362181811382223714e+04
1.358589369261642423e+04
1.354600050140797248e+04
1.351268793402415940e+04
1.347899364991345101e+04
1.346648885865320335e+04
1.345044324426192179e+04
1.341649069050299113e+04
1.341143882915296672e+04
1.338241957480013116e+04
1.335519466583823305e+04
1.331053792253522624e+04
1.331057415165826023e+04
1.328990589304635068e+04
1.326716323417831336e+04
1.325376573769065908e+04
1.323364366374091333e+04
1.319889874678970045e+04
1.319293382282560378e+04
1.317125376696359672e+04
1.314988614936485283e+04
1.312286807327445240e+04
1.310408057075462784e+04
1.307752071223711209e+04
1.305344737638192055e+04
1.302609619538586048e+04
1.299659799755159474e+04
1.299230867110068357e+04
1.296570302804222956e+04
1.294304027679171668e+04
