1.305949633191905195e+04
1.304822990138443311e+04
1.305309024128953388e+04
1.303930642749073741e+04
1.303326110879532462e+04
1.302837782592447547e+04
1.301442998880475352e+04
1.297524839661179431e+04
1.300156956034881296e+04
1.296498027941761575e+04
1.296933665696653406e+04
1.295914563638977961e+04
1.294801980019244547e+04
1.294499024979489695e+04
1.292439105975695747e+04
1.291107344475206446e+04
1.289060513501261084e+04
1.288438067291341940e+04
1.287704507413767169e+04
1.286528483199000948e+04
1.284873960972832174e+04
1.282820042377719255e+04
1.281110942388397052e+04
1.279497438210708242e+04
1.277650458946433173e+04
1.275905423264289675e+04
1.274362250330618372e+04
1.272945489077237289e+04
1.271709431521628176e+04
1.270435943000636144e+04
1.269098848667704624e+04
1.268143239969277056e+04
1.266733647548679073e+04
1.265913091956172320e+04
1.264869158290604719e+04
1.263799373692509107e+04
1.263396093082491643e+04
1.262568062898761309e+04
1.261202852187714961e+04
1.260317453793879940e+04
1.259840163319814201e+04
1.258895928941350394e+04
1.258164655700755247e+04
1.257677026607262269e+04
1.256998534431985536e+04
1.256426694495560514e+04
1.255763876757698381e+04
1.254833337481986382e+04
1.254083062783406604e+04
1.253114643583919133e+04
1.252466982918864960e+04
1.251498202120304632e+04
1.250435749466927155e+04
1.249347337083228558e+04
1.248245566314176722e+04
1.248081658873623201e+04
1.246941406826962339e+04
1.246003739606915769e+04
