1.304650565007492514e+04
1.306956692748106798e+04
1.310626279259174953e+04
1.310869965197847341e+04
1.313343752694651266e+04
1.315757981569909498e+04
1.303681926284350266e+04
1.301615271283862421e+04
1.307292001892612643e+04
1.300599275319380649e+04
1.305491980912809595e+04
1.304521549679205054e+04
1.304665224558720911e+04
1.306161538753714012e+04
1.304941869428144491e+04
1.303405669229074010e+04
1.302146017148719875e+04
1.302214471145912648e+04
1.301794160558378280e+04
1.301242303617011748e+04
1.300331963004830504e+04
1.298912963816778392e+04
1.297807306382825482e+04
1.297385607866463579e+04
1.294809548531961082e+04
1.293291962857578983e+04
1.292047456923484060e+04
1.290858583152609754e+04
1.289626031200807847e+04
1.288417023529409016e+04
1.287326787848119784e+04
1.286554456909660985e+04
1.285195983077036544e+04
1.283782363753793652e+04
1.282258592615481757e+04
1.281510618791303932e+04
1.280426209566720718e+04
1.279839694096185303e+04
1.278160620045609721e+04
1.278167741609548284e+04
1.276812278673622495e+04
1.275690552140984437e+04
1.274992167518051974e+04
1.274263837507139033e+04
1.273565485223127143e+04
1.273666083046576205e+04
1.272339737932970456e+04
1.271430494900149824e+04
1.270742213802611514e+04
1.270019601446881279e+04
1.269380474399384184e+04
1.268622179385547861e+04
1.267690135740007281e+04
1.266891336547182254e+04
1.266166067298235612e+04
1.265586870743684631e+04
1.264694731171001149e+04
1.263931007077878712e+04
