1.821654300794062146e+04
1.783787511425960474e+04
1.747487978879114235e+04
1.726095216108192108e+04
1.692196660544176120e+04
1.659005254471634908e+04
1.751542581341691766e+04
1.732127645982706235e+04
1.697471357570468172e+04
1.720581513864449880e+04
1.672701966723955047e+04
1.669020216144711958e+04
1.651784043374371322e+04
1.629022142259706197e+04
1.616280341260845125e+04
1.613083349252475455e+04
1.600294557399573023e+04
1.588888126004095466e+04
1.580695682663246771e+04
1.570195643023109005e+04
1.554641653175614556e+04
1.539550045782522830e+04
1.525155330536387373e+04
1.505480832407002345e+04
1.504861197533802260e+04
1.494795311735397445e+04
1.484650105422269371e+04
1.475583152622805756e+04
1.468400321245966188e+04
1.460813312587416840e+04
1.451746588621749470e+04
1.443803595206594218e+04
1.437604613519782833e+04
1.437233791683079107e+04
1.436552248995592890e+04
1.428838024766132548e+04
1.429539314804917376e+04
1.422623935142031041e+04
1.419076166572108559e+04
1.406038602326609180e+04
1.409291323104267030e+04
1.406070760716204859e+04
1.401234651751126512e+04
1.399187109948241050e+04
1.395111809747773259e+04
1.384665479527424941e+04
1.385925925071918027e+04
1.382415404826986560e+04
1.378040169484273611e+04
1.372141416894778740e+04
1.368162998531907760e+04
1.361867214874523597e+04
1.357504205162840481e+04
1.352015357163660701e+04
1.345600018627113241e+04
1.345162770269003886e+04
1.340129341100804231e+04
1.335697868037288936e+04
