1.270142419233699547e+04
1.269900473840213090e+04
1.271205452998558394e+04
1.270418984874244234e+04
1.270625574778017108e+04
1.270929799036346594e+04
1.268070124435505204e+04
1.264792225431243787e+04
1.268174741808469844e+04
1.264390141691651479e+04
1.265867636243955894e+04
1.265133737742241101e+04
1.264552991198031305e+04
1.264856151597126882e+04
1.263259257815896308e+04
1.262216570913143914e+04
1.260629614803632285e+04
1.260408302919513517e+04
1.260032396654975310e+04
1.259246138467096171e+04
1.258227728480743099e+04
1.256808365609129942e+04
1.255695144849455755e+04
1.254754360384091524e+04
1.253261268636529712e+04
1.252013718694311501e+04
1.250947517253087062e+04
1.249977162456139558e+04
1.249150175575719550e+04
1.248281506740456280e+04
1.247358723914548864e+04
1.246778076781129857e+04
1.245723974051205005e+04
1.245155942650033649e+04
1.244364280069631968e+04
1.243632411238959685e+04
1.243437272189540454e+04
1.242919113275975360e+04
1.241906627995370582e+04
1.241412060596569427e+04
1.241103984934599430e+04
1.240425691674651353e+04
1.239968026453897073e+04
1.239707770538722798e+04
1.239280905978212832e+04
1.239041069122437329e+04
1.238562168474521786e+04
1.237870199135759867e+04
1.237363804760493986e+04
1.236652963985363021e+04
1.236235803085750013e+04
1.235524993160497252e+04
1.234691781757690842e+04
1.233843248950994348e+04
1.232991953086781723e+04
1.232980286959217665e+04
1.232054294567741454e+04
1.231324011967727165e+04
