1.327975796644842376e+04
1.322073046370286829e+04
1.317896483135738708e+04
1.314155732006738799e+04
1.309168391508919194e+04
1.304466221488898009e+04
1.317532931379561342e+04
1.311371285461115986e+04
1.309293761464469571e+04
1.309908796008019090e+04
1.303874818114647496e+04
1.302739255850404697e+04
1.299732884993687367e+04
1.296676072522773211e+04
1.293407745640751091e+04
1.292231770329643768e+04
1.289015115408165184e+04
1.287246613249237635e+04
1.285880269329975272e+04
1.283705523172684661e+04
1.280728606808134646e+04
1.277519282228123302e+04
1.274685139118125699e+04
1.271112708788224518e+04
1.270073613522681990e+04
1.267769291035969400e+04
1.265575547795794228e+04
1.263609384506947390e+04
1.262115522883588892e+04
1.260515301723219636e+04
1.258616377013266356e+04
1.257168613868220382e+04
1.255521621111443892e+04
1.255311872152276010e+04
1.254769867424876429e+04
1.253095812203197602e+04
1.253403046475765041e+04
1.252068080723634012e+04
1.250933387014130312e+04
1.248620719740367531e+04
1.249174552358067740e+04
1.248320892242438276e+04
1.247369642419160482e+04
1.247043615428344856e+04
1.246231315427603840e+04
1.244543232148354036e+04
1.244636059813797328e+04
1.243588157680397489e+04
1.242613299654515868e+04
1.241201454316098716e+04
1.240406318153586290e+04
1.239021630718961569e+04
1.237720137141795567e+04
1.236162370083260248e+04
1.234454971191467666e+04
1.234689229610663824e+04
1.233133439507339062e+04
1.231877749528165259e+04
