1.480332064152756175e+04
1.462935098737050430e+04
1.447204824776315763e+04
1.437274503636232294e+04
1.421721704360734475e+04
1.406654101309068392e+04
1.450583082549150640e+04
1.439477476877282243e+04
1.425559716682089856e+04
1.435092130358106624e+04
1.413576229391866400e+04
1.411690088582384669e+04
1.403623380969931713e+04
1.393436977584594570e+04
1.386840424304591761e+04
1.385227801714727866e+04
1.378679454733500097e+04
1.373541669950284449e+04
1.369898728854279580e+04
1.364801729791054095e+04
1.357520624527064319e+04
1.350320317927278302e+04
1.343596657932877315e+04
1.334321452323161611e+04
1.333910000775728804e+04
1.329112842725710470e+04
1.324294988891838693e+04
1.320000187349690350e+04
1.316759955719892787e+04
1.313296386293261094e+04
1.309055752619037230e+04
1.305476452719533881e+04
1.302404638844545298e+04
1.302529110741568184e+04
1.302253997500679725e+04
1.298490378738514846e+04
1.299352218860649918e+04
1.296121008912920479e+04
1.294437015734650777e+04
1.288200782655235525e+04
1.290150469383954987e+04
1.288673405224849375e+04
1.286481484695689505e+04
1.285746775226626050e+04
1.283922518635982669e+04
1.279043447428152103e+04
1.279950789062544936e+04
1.278096287189167742e+04
1.276019995822741475e+04
1.273051702002225829e+04
1.271261348539787286e+04
1.268255714730737236e+04
1.265931091227034995e+04
1.262906744087532934e+04
1.259477031198719123e+04
1.259758872249327942e+04
1.256912883277328001e+04
1.254524795456868378e+04
