9.997246906068068711e+03
1.017345744822817323e+04
1.033993953956768928e+04
1.043195027711085822e+04
1.059237669578394525e+04
1.074600605383846414e+04
1.027187855223232691e+04
1.036910025149762077e+04
1.053214637421961925e+04
1.040758267755104134e+04
1.063281133896387655e+04
1.065110995627249758e+04
1.072685278796381499e+04
1.082875712841147106e+04
1.088298531551001906e+04
1.089062910734983598e+04
1.094257470522963558e+04
1.099156801295198056e+04
1.102361004017593586e+04
1.106769167583976378e+04
1.113051835252776254e+04
1.118864494197968634e+04
1.124432732485725137e+04
1.132626999923724907e+04
1.131727012166006170e+04
1.135286163011717326e+04
1.139024358065010529e+04
1.142333321721222819e+04
1.144653281407104259e+04
1.147175498974750735e+04
1.150439738237218990e+04
1.153265579059414813e+04
1.155373698554174007e+04
1.154603569848899861e+04
1.154161392115615672e+04
1.157208635561046685e+04
1.155962338037264090e+04
1.158616365151377067e+04
1.159347519524045492e+04
1.164939243731133502e+04
1.162646082571328043e+04
1.163453273713432827e+04
1.165148835333895659e+04
1.165579836002461707e+04
1.166977365811561140e+04
1.171487602733245512e+04
1.170085087783734343e+04
1.171423676616256671e+04
1.173035249669618315e+04
1.175382501792887524e+04
1.176772335051301525e+04
1.179028777418433856e+04
1.180690118486316169e+04
1.182974660756819139e+04
1.185638309275827123e+04
1.185124584566232807e+04
1.187078751915859903e+04
1.188716992177463180e+04
