1.660655093837659660e+04
1.628611309342575805e+04
1.597608259241700762e+04
1.579749249931761187e+04
1.550850052445140682e+04
1.522369358729791566e+04
1.604736105281534583e+04
1.589206978527080173e+04
1.559242830213103480e+04
1.581021841625340676e+04
1.539536886288250753e+04
1.537395677898489885e+04
1.523132063795351678e+04
1.503754841329474402e+04
1.493488813442378523e+04
1.491734135098077240e+04
1.481354058578587865e+04
1.472031676463725307e+04
1.465649937877289085e+04
1.457147922625911997e+04
1.444785272112369967e+04
1.432795925227436965e+04
1.421267588529750901e+04
1.404821701123926141e+04
1.405858594835218719e+04
1.398108700998068525e+04
1.390175980277963390e+04
1.383166811479508215e+04
1.377831803500451133e+04
1.372053383168503387e+04
1.364811235308549476e+04
1.358507560021293648e+04
1.353884576746966559e+04
1.354655536432236659e+04
1.355122907926053995e+04
1.348888731663977524e+04
1.350525952231784686e+04
1.344890023979494799e+04
1.342931517830325902e+04
1.331508455276153654e+04
1.335585178359843849e+04
1.333453842254472875e+04
1.329775708413627399e+04
1.328713213813281800e+04
1.325806504821647104e+04
1.316633996408855819e+04
1.318717952778070139e+04
1.316170335626421002e+04
1.312941711951431898e+04
1.308155283445566783e+04
1.304990168503239511e+04
1.299825160825707280e+04
1.296013410384833151e+04
1.291319981481631112e+04
1.286552826457243464e+04
1.285934912961261762e+04
1.281455577002699101e+04
1.278034313172204929e+04
