1.107964194392468293e+00
1.107408975637075521e+00
1.106820690406294938e+00
1.106212618092316413e+00
1.105556474607272133e+00
1.104892979361591587e+00
1.104191499454908465e+00
1.103464293510615812e+00
1.102740906823168832e+00
1.101987099591997588e+00
1.101215779546652840e+00
1.100457289072243716e+00
1.099669314614280413e+00
1.098881891680441703e+00
1.098108446722824594e+00
1.097299512429948276e+00
1.096519328571598395e+00
1.095746495536094711e+00
1.094931370130887816e+00
1.094171290618481729e+00
1.092782984063720875e+00
1.091378484284200701e+00
1.090033381141618518e+00
1.088686391204433113e+00
1.087408086230028381e+00
1.086133250836378794e+00
1.084918183559200333e+00
1.083738176013756771e+00
1.082570946014794755e+00
1.081440393863828842e+00
1.080354638547578183e+00
1.079328661675309275e+00
1.078300106266791181e+00
1.077313798493703789e+00
1.076360671735754337e+00
1.075457589747445208e+00
1.074567297351374240e+00
1.073710541452775002e+00
1.072509402827252600e+00
1.071639609553976635e+00
1.070772705814925008e+00
1.069882541875597060e+00
1.069028375720815216e+00
1.068208481875917437e+00
1.067396329190470450e+00
1.066569539477684181e+00
1.065755244161795456e+00
1.064976250121485002e+00
1.064209774893563054e+00
1.063456676342337204e+00
1.062717685111066457e+00
1.061975277195266187e+00
1.061267048422810388e+00
1.060574398068601543e+00
1.059881897109860249e+00
1.059221941454356219e+00
1.058563893935930755e+00
1.057909867606834808e+00
