1.062096823256116762e+00
1.061790637759368217e+00
1.061466074842566609e+00
1.061130441192869700e+00
1.060768098293626061e+00
1.060401509903202477e+00
1.060013731425683003e+00
1.059611510977658044e+00
1.059211179982236128e+00
1.058793777055200946e+00
1.058366426406961880e+00
1.057945936773037499e+00
1.057508842038407115e+00
1.057071788464080786e+00
1.056642235359325221e+00
1.056192698604899283e+00
1.055758873545679100e+00
1.055328878838553086e+00
1.054875075648624261e+00
1.054451661106879268e+00
1.053677641743478333e+00
1.052893750294866981e+00
1.052142212813175437e+00
1.051388838485147970e+00
1.050673154374784479e+00
1.049958708141293773e+00
1.049277101374755272e+00
1.048614548186058482e+00
1.047958573703509533e+00
1.047322646349843289e+00
1.046711392324344292e+00
1.046133319230039715e+00
1.045553331495247873e+00
1.044996731807626311e+00
1.044458452146912242e+00
1.043948067755124054e+00
1.043444561023990413e+00
1.042959692020939855e+00
1.042279380652014531e+00
1.041786342831040546e+00
1.041294610960200595e+00
1.040789340032569621e+00
1.040304172811135741e+00
1.039838168733601798e+00
1.039376271075129976e+00
1.038905748591663070e+00
1.038442040212590678e+00
1.037998158932775583e+00
1.037561147809241024e+00
1.037131508958173631e+00
1.036709672798069137e+00
1.036285641258015922e+00
1.035880902273660809e+00
1.035484849492408266e+00
1.035088667876655766e+00
1.034710905986181428e+00
1.034334042287496480e+00
1.033959289393174386e+00
