1.576820359137320884e+04
1.551700523010313191e+04
1.527970411887247246e+04
1.513870938473083152e+04
1.491257375926557870e+04
1.469137857887192695e+04
1.533532190276398796e+04
1.519858391160522297e+04
1.497571044306278418e+04
1.513484123873720637e+04
1.481436732788499103e+04
1.479323099308160818e+04
1.467952758799972980e+04
1.452923075865852843e+04
1.444320048846381360e+04
1.442580734047271835e+04
1.433963408756500030e+04
1.426602949501143485e+04
1.421490692539695374e+04
1.414555847192233705e+04
1.404538479356676180e+04
1.394780381666227368e+04
1.385509537045026627e+04
1.372443484248997447e+04
1.372711586051400445e+04
1.366334439845551242e+04
1.359848311509803716e+04
1.354091429663284362e+04
1.349733791190787997e+04
1.345048863470454853e+04
1.339241028660598204e+04
1.334232666582579805e+04
1.330318576901268170e+04
1.330745856042203559e+04
1.330810416988592624e+04
1.325727388551090007e+04
1.326976444717098457e+04
1.322501461638125875e+04
1.320612539230059338e+04
1.311668433271251342e+04
1.314674488963296608e+04
1.312863547079212731e+04
1.309881810165169918e+04
1.308945312338927215e+04
1.306489296715362980e+04
1.299394184390290138e+04
1.300918195807898519e+04
1.298679585047279943e+04
1.295915409282422115e+04
1.291954904194692062e+04
1.289500505555063501e+04
1.285360816074565628e+04
1.282434248134212066e+04
1.278552969874402515e+04
1.274031013514087499e+04
1.274283930089725800e+04
1.270746690865964774e+04
1.267728952049074178e+04
