1.270145738780636930e+04
1.269903711590591956e+04
1.271208634465970135e+04
1.270422113317826188e+04
1.270628605314283413e+04
1.270932766603916025e+04
1.268073216222864721e+04
1.264795261457962806e+04
1.268177726568409162e+04
1.264393136560049061e+04
1.265870521170409120e+04
1.265136595383375970e+04
1.264555804226985492e+04
1.264858904840582363e+04
1.263261976895602129e+04
1.262219275129106063e+04
1.260632274254369622e+04
1.260410927839095166e+04
1.260034986884239697e+04
1.259248673840485026e+04
1.258230225794010403e+04
1.256810782989570362e+04
1.255697528677901573e+04
1.254756670951640081e+04
1.253263557502348704e+04
1.252015961440211504e+04
1.250949695002712178e+04
1.249979319630212194e+04
1.249152294979993894e+04
1.248283588628329380e+04
1.247360767478411435e+04
1.246780053438367759e+04
1.245725950149512209e+04
1.245157895508075489e+04
1.244366209219249868e+04
1.243634309073293844e+04
1.243439150903125119e+04
1.242920922868939670e+04
1.241908445109307650e+04
1.241413841307759139e+04
1.241105749680171357e+04
1.240427431924440134e+04
1.239969741192858964e+04
1.239709463525640058e+04
1.239282576726585830e+04
1.239042708153503736e+04
1.238563789888702559e+04
1.237871798480949474e+04
1.237365382477317871e+04
1.236654517277846389e+04
1.236237333807532741e+04
1.235526500627881433e+04
1.234693268188447109e+04
1.233844713680365385e+04
1.232993266183635205e+04
1.232981713389447214e+04
1.232055699814582658e+04
1.231325397627791608e+04
