3.060000000000000000e+02
3.340000000000000000e+02
3.618000000000000114e+02
3.900000000000000000e+02
4.180000000000000000e+02
4.460000000000000000e+02
4.740000000000000000e+02
5.020000000000000000e+02
5.302999999999999545e+02
5.580000000000000000e+02
5.635000000000000000e+02
5.884000000000000909e+02
6.140000000000000000e+02
6.390000000000000000e+02
6.646000000000000227e+02
6.895000000000000000e+02
7.150000000000000000e+02
7.400000000000000000e+02
7.650000000000000000e+02
7.905000000000000000e+02
8.160000000000000000e+02
8.413000000000000682e+02
8.660000000000000000e+02
8.915999999999999091e+02
9.170000000000000000e+02
9.423999999999999773e+02
9.673000000000000682e+02
9.927000000000000455e+02
1.018000000000000000e+03
1.055000000000000000e+03
1.083000000000000000e+03
1.112000000000000000e+03
1.143000000000000000e+03
1.174000000000000000e+03
1.205000000000000000e+03
1.237000000000000000e+03
1.271000000000000000e+03
1.306000000000000000e+03
1.341000000000000000e+03
1.377000000000000000e+03
1.414000000000000000e+03
1.452000000000000000e+03
1.492000000000000000e+03
1.532000000000000000e+03
1.573000000000000000e+03
1.616000000000000000e+03
1.659000000000000000e+03
1.704000000000000000e+03
1.751000000000000000e+03
