1.040483052717348755e+00
1.040067512595157506e+00
1.039608672891258800e+00
1.039105681832130479e+00
1.038577857981016539e+00
1.038029898153313813e+00
1.037468954803443699e+00
1.036901160365433228e+00
1.036325572070112111e+00
1.035764723388136188e+00
1.035653968134603531e+00
1.035156062971332114e+00
1.034651550044982438e+00
1.034167616819905211e+00
1.033682261550944004e+00
1.033220965866401109e+00
1.032760252129842904e+00
1.032320513831644249e+00
1.031892879476090874e+00
1.031469308086086389e+00
1.031058507308302064e+00
1.030663483540648073e+00
1.030289757135965489e+00
1.029914650330274961e+00
1.029554535365765799e+00
1.029206148047420388e+00
1.028875701404150522e+00
1.028549599077607235e+00
1.028235465705159335e+00
1.027794541759186053e+00
1.027474870430609144e+00
1.027155942606726935e+00
1.026828126163266575e+00
1.026513250328203286e+00
1.026210716830995517e+00
1.025910757705593035e+00
1.025605103812534669e+00
1.025303783779218048e+00
1.025015261325391336e+00
1.024731122090837276e+00
1.024451696505019882e+00
1.024177268653797990e+00
1.023901335736254747e+00
1.023637885294041983e+00
1.023380020817374891e+00
1.023122005127348189e+00
1.022875922653077918e+00
1.022630364226739808e+00
1.022386120674559251e+00
