9.592561610855198523e+03
9.474750887155547389e+03
9.365903427127952455e+03
9.233031898200128126e+03
9.169462444045928351e+03
9.108205116866829485e+03
9.032523672860670558e+03
8.975303287048764105e+03
8.920917969258645826e+03
8.856430849988772025e+03
8.799255837525832249e+03
8.767433480545205384e+03
8.744479665928505710e+03
8.749194164520578852e+03
8.707988077397365487e+03
8.623650799169046877e+03
8.622292682158084062e+03
8.584236389365561990e+03
8.538648773219525538e+03
8.506543388731246523e+03
8.457908061140884456e+03
8.396825029211795481e+03
8.336885213246381682e+03
8.287925736807366775e+03
8.252299792682271800e+03
