2.800322460346227217e+03
2.868939329550568345e+03
2.984834549279780276e+03
3.076777390774276682e+03
3.097533594379031456e+03
3.149083467112068320e+03
3.215271831021437720e+03
3.269396927331413735e+03
3.336352106633078165e+03
3.357567124208316272e+03
3.403245507438423829e+03
3.447341719691299204e+03
3.481557281791891455e+03
3.513022802581367159e+03
3.540494372287317219e+03
3.580475361946389057e+03
3.617535752725831117e+03
3.640904851395454443e+03
3.650587036776675632e+03
3.665312772436868272e+03
3.689384282180685659e+03
3.687184088924433581e+03
3.713178402972916501e+03
3.738996517624770604e+03
3.767317622020649651e+03
3.775613889119511441e+03
3.793026961974477217e+03
3.803666894016677361e+03
3.830618758507986513e+03
3.839965228290997857e+03
3.862981788542829690e+03
3.885850388387512794e+03
3.913482611357599126e+03
3.950564746653451039e+03
3.983329129112256396e+03
4.020013487031848399e+03
4.019038153531440003e+03
4.057955143143887653e+03
