1.343502118342887479e+04
1.341417863024807411e+04
1.341020403876314049e+04
1.339002153507273761e+04
1.337524098247322399e+04
1.336184826679520665e+04
1.336349435584294224e+04
1.331735581471760270e+04
1.333562983166725098e+04
1.330028696028629020e+04
1.329348855666212512e+04
1.328018271500408446e+04
1.326333574832716477e+04
1.325381703117256620e+04
1.322823384168747543e+04
1.321177776051041292e+04
1.318637245846476799e+04
1.317584801020832492e+04
1.316466954718043053e+04
1.314873343385625230e+04
1.312537335033348063e+04
1.309804799648817061e+04
1.307459644372899129e+04
1.305131178950658068e+04
1.302902118969795265e+04
1.300626831121232135e+04
1.298576199445944440e+04
1.296684747313647858e+04
1.295013577625170365e+04
1.293310422275373276e+04
1.291534913923786371e+04
1.290182877407242086e+04
1.288396242899647586e+04
1.287306404366184142e+04
1.285992762059440247e+04
1.284566834782063779e+04
1.283941590925252785e+04
1.282787191527368122e+04
1.281048647317484210e+04
1.279754833617152690e+04
1.279095964605880908e+04
1.277871319343171308e+04
1.276851305331316871e+04
1.276125609040112977e+04
1.275180843357237609e+04
1.274264707271621774e+04
1.273403556065189150e+04
1.272222246386478582e+04
1.271218664126561089e+04
1.269979738548887508e+04
1.269093405814480866e+04
1.267856098190234297e+04
1.266555200495045392e+04
1.265219329258449034e+04
1.263862024482664856e+04
1.263530913780264200e+04
1.262149943561308100e+04
1.260989046698302081e+04
