1.418161590527133922e+04
1.408962244719491537e+04
1.401667574604226138e+04
1.395933587409547908e+04
1.387963552949755831e+04
1.380369568062578219e+04
1.400290120216185460e+04
1.392105126752385331e+04
1.387072116058107895e+04
1.388998499632676430e+04
1.378941267198552305e+04
1.377100609480907951e+04
1.372380931223260450e+04
1.367231633883159157e+04
1.362592672670115462e+04
1.360759766835684059e+04
1.356188627092902425e+04
1.353199852300412931e+04
1.350832536887680544e+04
1.347508771982297549e+04
1.342721256236623049e+04
1.337746583699150870e+04
1.333247187307495733e+04
1.327651637148663576e+04
1.325948866717274723e+04
1.322345311775097252e+04
1.318881249560466313e+04
1.315741481559318163e+04
1.313221302877931521e+04
1.310592249053543856e+04
1.307592984891059496e+04
1.305154370580197065e+04
1.302622222620952743e+04
1.301939383189998443e+04
1.300906970265558448e+04
1.298314580340809152e+04
1.298268961263937490e+04
1.296098557493807675e+04
1.294182395485932102e+04
1.290656640678733493e+04
1.291018726029880054e+04
1.289557976853283799e+04
1.287917295560558887e+04
1.287090060785256537e+04
1.285657364968706497e+04
1.282964291045152277e+04
1.282769155150576080e+04
1.281143975617604701e+04
1.279559659262707828e+04
1.277456539381161019e+04
1.276093837146419173e+04
1.274025448767723901e+04
1.272135039498190054e+04
1.269940129427638021e+04
1.267555553025823065e+04
1.267478619909467852e+04
1.265320350212584344e+04
1.263531068471268554e+04
