1.424422277519066301e+04
1.420173799441559822e+04
1.417789559332127646e+04
1.414327809070037256e+04
1.410890974595269108e+04
1.407652007405790755e+04
1.411248949922183601e+04
1.405054510312897582e+04
1.405089484686994365e+04
1.401797244881541883e+04
1.398639139472845818e+04
1.396595599325323201e+04
1.393630136680246142e+04
1.391236314567267982e+04
1.387561679526494481e+04
1.385203912830956870e+04
1.381561695728350605e+04
1.379551996056227472e+04
1.377575664895047703e+04
1.375053275491899876e+04
1.371201744763206261e+04
1.366963696771461582e+04
1.363211655995078036e+04
1.359312527821832009e+04
1.356224345823708791e+04
1.352779187677410846e+04
1.349612030344449158e+04
1.346676698553994720e+04
1.344048745019332819e+04
1.341403765575155376e+04
1.338670874907033067e+04
1.336454137757769968e+04
1.333843112707588989e+04
1.332157442393333622e+04
1.330248561093916396e+04
1.328049508404982589e+04
1.326934291324865990e+04
1.325073893199923987e+04
1.322518925217297510e+04
1.320350665102865059e+04
1.319289460745909309e+04
1.317455406311285333e+04
1.315812982402131456e+04
1.314567231958696539e+04
1.313050239212198903e+04
1.311397511891487738e+04
1.310108717955593784e+04
1.308386164211650066e+04
1.306837038677533019e+04
1.305018226276599671e+04
1.303621330893645063e+04
1.301811654267437370e+04
1.300002884123296826e+04
1.298135080577289591e+04
1.296230314004886895e+04
1.295546123849999822e+04
1.293669171747191467e+04
1.292041543518640538e+04
