1.766227096434525083e+04
1.733244617459095389e+04
1.702093522754255537e+04
1.683332822805316755e+04
1.653873427705110225e+04
1.625178958823425637e+04
1.704868430782568976e+04
1.686707296985057110e+04
1.657509021681180457e+04
1.676374460718088449e+04
1.635194345054924452e+04
1.631491758482173100e+04
1.616277515283737193e+04
1.596583052289779516e+04
1.584980456782925103e+04
1.581751626305694117e+04
1.570178034877345272e+04
1.560136284657243050e+04
1.552812566353889451e+04
1.543395384278634083e+04
1.529455460663398117e+04
1.515890057301816341e+04
1.503045763530441764e+04
1.485728982172285214e+04
1.484504085086280065e+04
1.475363493998293961e+04
1.466202616363276866e+04
1.457983724974176766e+04
1.451450781988383642e+04
1.444600062549772338e+04
1.436510377217448149e+04
1.429448538702715632e+04
1.423704611460396882e+04
1.423064640748517013e+04
1.422052460055389565e+04
1.415121433219990104e+04
1.415534556206754496e+04
1.409376799487183052e+04
1.405843545997220644e+04
1.394555298608912744e+04
1.397037143675550215e+04
1.393964634520983236e+04
1.389586956098587325e+04
1.387601666224103064e+04
1.383892601514580201e+04
1.374883502408907952e+04
1.375716632557488811e+04
1.372326536673251758e+04
1.368362588563309873e+04
1.363064496857635459e+04
1.359476007637083785e+04
1.354000493931051278e+04
1.349949915695492018e+04
1.344866614774409209e+04
1.339078340461596963e+04
1.338671993698525876e+04
1.334024435578429257e+04
1.329953133240902025e+04
