1.019876112122823253e+00
1.019781984928406660e+00
1.019682167864133016e+00
1.019578902420940292e+00
1.019467369404976953e+00
1.019354476869085646e+00
1.019235001004681340e+00
1.019111012747488942e+00
1.018987543412943619e+00
1.018858741251860822e+00
1.018726797939183859e+00
1.018596902294141238e+00
1.018461802734252464e+00
1.018326640057946042e+00
1.018193723012279062e+00
1.018054543828332825e+00
1.017920152812178625e+00
1.017786874387681895e+00
1.017646136486682673e+00
1.017514748908005195e+00
1.017274381848207954e+00
1.017030704852445844e+00
1.016796854162387076e+00
1.016562204514283696e+00
1.016339082867183663e+00
1.016116141624647584e+00
1.015903256201150962e+00
1.015696142144669523e+00
1.015490909926112906e+00
1.015291783658573532e+00
1.015100228951160366e+00
1.014918933129266065e+00
1.014736900543769638e+00
1.014562079921946136e+00
1.014392893526314232e+00
1.014232365920057832e+00
1.014073897466107432e+00
1.013921197103333949e+00
1.013706783982270210e+00
1.013551275439522836e+00
1.013396079710220166e+00
1.013236507724859958e+00
1.013083186260803847e+00
1.012935829723564218e+00
1.012789683648795735e+00
1.012640718445397159e+00
1.012493821405143990e+00
1.012353122363955249e+00
1.012214521626007446e+00
1.012078182222957201e+00
1.011944244713788521e+00
1.011809536019106170e+00
1.011680886908276733e+00
1.011554933114072741e+00
1.011428873323709121e+00
1.011308613832759828e+00
1.011188581272642661e+00
1.011069162527257648e+00
