1.058684791503139422e+04
1.075840475868949943e+04
1.091967274700123016e+04
1.100679607280485834e+04
1.116157398877692867e+04
1.130910482362201765e+04
1.083613903188196309e+04
1.092881062294215371e+04
1.108598449616560174e+04
1.095840071656473083e+04
1.117640681900100572e+04
1.119070870114147147e+04
1.126090703102156112e+04
1.135675990376538903e+04
1.140575629252893486e+04
1.140878044848148056e+04
1.145532543845029249e+04
1.149925516112237892e+04
1.152623647009476372e+04
1.156534138610254558e+04
1.161939767190589555e+04
1.166860322131302382e+04
1.171576487770564745e+04
1.178867542017769665e+04
1.177293220033093166e+04
1.180082647842617371e+04
1.183085864596422653e+04
1.185692179617547845e+04
1.187333542660717831e+04
1.189192254566218071e+04
1.191801544391779498e+04
1.194017611968689562e+04
1.195536875454061919e+04
1.194257571724954869e+04
1.193324005156870589e+04
1.195837367801022629e+04
1.194141588258412776e+04
1.196293358889866067e+04
1.196381713146543734e+04
1.201405261922572390e+04
1.198707258106446170e+04
1.199033496028722948e+04
1.200253052496647069e+04
1.200255432266750176e+04
1.201207236006218773e+04
1.205208219115816428e+04
1.203404414872566485e+04
1.204326955443646511e+04
1.205518080532952445e+04
1.207433012210323795e+04
1.208419074117850141e+04
1.210243836236679635e+04
1.211515796735540607e+04
1.213410098152878345e+04
1.215670893656006774e+04
1.214816813424801694e+04
1.216399384541311156e+04
1.217670869600362494e+04
