5.998257522125127252e+02
5.967149094316947640e+02
6.041458036480928513e+02
6.090782668857208364e+02
6.234443273659406941e+02
6.323669547153576787e+02
6.481450513418085393e+02
6.487395382887007145e+02
6.525775090335805544e+02
6.589990405082568259e+02
6.688287008703719039e+02
6.788524174808907219e+02
6.881417147703849650e+02
6.950649505782502047e+02
7.016711428400324166e+02
7.079182288032282031e+02
7.156114981240468751e+02
7.210104524797422982e+02
7.252223154536885659e+02
7.309998393351113464e+02
7.350637585130659772e+02
7.389206556792648826e+02
7.424488318601429455e+02
7.454763508294437315e+02
7.482199610052697381e+02
7.510731807159887694e+02
7.531925751952384189e+02
7.556966442179291334e+02
7.592197332094707463e+02
7.618921855003791279e+02
7.632115115218107348e+02
7.654175969901144754e+02
7.672813984164195062e+02
7.690278764793667960e+02
7.702930903956684006e+02
7.718884428636885104e+02
7.737126253336557511e+02
7.751896399924573871e+02
7.771542344588988271e+02
7.794664083238255898e+02
7.819614687374354389e+02
7.853729650332263645e+02
7.886197272631844726e+02
7.928656800566535594e+02
7.968219644532981647e+02
7.987618140478102760e+02
7.999353713823431917e+02
8.012714099602246733e+02
