7.249311128610935384e+02
7.091711768333342434e+02
7.191834740197799647e+02
7.293657875583337500e+02
7.329752593355775616e+02
7.381300967432835023e+02
7.446804066314482498e+02
7.439972913455550270e+02
7.417781218377328969e+02
7.454572883617282741e+02
7.498152725428086569e+02
7.500042008397044810e+02
7.508398828999229409e+02
7.497216943995744032e+02
7.507348678029712801e+02
7.472796471882370497e+02
7.521255796090198373e+02
7.538666743297505946e+02
7.544477619707556642e+02
7.554531467673930365e+02
7.558931553655056632e+02
7.561921755583344975e+02
7.562441388055951847e+02
7.565007161441927792e+02
7.563431526261821318e+02
7.562306347514979734e+02
7.560744635916049674e+02
7.559604167333144460e+02
7.558835753819215597e+02
7.555457957143519252e+02
7.553645262678987820e+02
7.552192867150697566e+02
7.550137185386995498e+02
7.548727811037547326e+02
7.547099875790941041e+02
7.544661288155784860e+02
7.543027435570337502e+02
7.542227639387722320e+02
7.540245580726079879e+02
7.539973038542813129e+02
7.538756243495870422e+02
7.538073808525114146e+02
7.537728873326932444e+02
7.538108703336598637e+02
7.538860135332115533e+02
7.539706885062447554e+02
7.541194881653945004e+02
7.544075829241103293e+02
7.547385919934868070e+02
7.551518852502159689e+02
7.556505762517095945e+02
7.560061899746228846e+02
7.563604496448883765e+02
7.563643097641125905e+02
7.559811660015069492e+02
7.555592569180591909e+02
7.552347008477066765e+02
7.549435245579605862e+02
7.527127701297820295e+02
7.494264047117616201e+02
7.491442939910886025e+02
7.486606083013658690e+02
7.484763567001673437e+02
7.479290127870851848e+02
