9.406996067367783265e-01
9.427967879436688348e-01
9.448058378535023616e-01
9.466648567949079718e-01
9.483652922120775486e-01
9.500272412229595620e-01
9.515305657013111151e-01
9.529341089657291652e-01
9.543319331248294457e-01
9.555666932442644645e-01
9.576711131098424312e-01
9.596277379970273858e-01
9.613624220524591424e-01
9.629812248190749990e-01
9.644213031063330055e-01
9.657747362451692963e-01
9.669957985277098933e-01
9.681234611576450266e-01
9.691875783509610320e-01
9.701736694586140519e-01
9.710826298485392138e-01
9.719097693664717763e-01
9.727101017927063387e-01
9.734521281110853907e-01
9.741469626139801496e-01
9.747862892417592517e-01
9.753993986191078491e-01
9.759741225662184050e-01
9.767559649995353199e-01
9.773056162365737487e-01
9.778403400959675418e-01
9.783764027490352566e-01
9.788789277337054395e-01
9.793508152735831418e-01
9.798085284296540465e-01
9.802649312996571940e-01
9.807053587828077346e-01
9.811185629102063821e-01
9.815176329120909315e-01
9.819027353868412522e-01
9.822740893243161464e-01
9.826408419575630715e-01
9.829849817379917587e-01
9.833162950697977855e-01
9.836424819044062851e-01
9.839487583100945400e-01
9.842498106916706124e-01
9.845448356578653248e-01
