8.409609737911697414e-01
8.460080339889487488e-01
8.508787576094821725e-01
8.554172533638025877e-01
8.595953797041535616e-01
8.637039071914399679e-01
8.674417444105816388e-01
8.709500304899620016e-01
8.744619586932764754e-01
8.775792015058784257e-01
8.829246756423171361e-01
8.879320844750318020e-01
8.924019242258223183e-01
8.965992152546590210e-01
9.003544284805390374e-01
9.039021567861528217e-01
9.071183640270213955e-01
9.101016781596780181e-01
9.129285024369478974e-01
9.155581872068809801e-01
9.179908664769123039e-01
9.202118435255403073e-01
9.223674728946377188e-01
9.243719138120587431e-01
9.262540038265718589e-01
9.279901393158648260e-01
9.296590549498833234e-01
9.312270296063761554e-01
9.333655996591884163e-01
9.348728880470695835e-01
9.363422868295263601e-01
9.378183884881243770e-01
9.392048986527624654e-01
9.405093141382653288e-01
9.417768090908410494e-01
9.430428985145995480e-01
9.442667812614806699e-01
9.454169033365504848e-01
9.465294243459635437e-01
9.476046318392628010e-01
9.486429682812070885e-01
9.496699021143977237e-01
9.506348432945092020e-01
9.515650345481284633e-01
9.524819988360528900e-01
9.533440468848434213e-01
9.541923891553414361e-01
9.550247080264538946e-01
