6.471564147105813163e+02
6.427233869622517659e+02
6.488364885850472774e+02
6.525013469305118861e+02
6.656652098017135586e+02
6.733376498760934510e+02
6.880207338398892034e+02
6.877063533423655599e+02
6.905613182192072372e+02
6.960806878817393226e+02
7.043360030273282746e+02
7.128563442816426914e+02
7.207805094974206668e+02
7.264510199423979202e+02
7.319175831871360742e+02
7.370813414006028097e+02
7.437535903564995579e+02
7.482379938720251857e+02
7.515985935101499535e+02
7.565431237727127609e+02
7.598584253625251677e+02
7.630328450451972913e+02
7.658988407320821352e+02
7.683195426803068813e+02
7.704896675466699207e+02
7.728070275380139265e+02
7.744277104025920835e+02
7.764505262507492489e+02
7.793169507219754450e+02
7.815224410638866175e+02
7.824110474597966913e+02
7.841634391179130716e+02
7.856116998418150388e+02
7.869694440985064148e+02
7.878605484163970232e+02
7.890791031660571662e+02
7.905328369510745006e+02
7.916750171685915802e+02
7.933050971834499023e+02
7.952914964702850966e+02
7.974729281612358136e+02
8.005566014150922456e+02
8.035004129305356173e+02
8.074245208988805871e+02
8.110639967778831760e+02
8.127284593150152432e+02
8.136402748195603181e+02
8.147170699828176339e+02
