5.212504436716835698e+02
5.110434593440515982e+02
5.182035838285914906e+02
5.240215987429852476e+02
5.434706612102991130e+02
5.597569665842794393e+02
5.766754313492050414e+02
5.719414372304943299e+02
5.744056536713948162e+02
5.810753821662295877e+02
5.922108292104600196e+02
6.042011559338478719e+02
6.157708624218161049e+02
6.232326767103835437e+02
6.311430159473552521e+02
6.385878983202752579e+02
6.489031823064816535e+02
6.554033227094136009e+02
6.599737219754597390e+02
6.677873003448908094e+02
6.726547697902818754e+02
6.772829381760381011e+02
6.815285898842394090e+02
6.849473920546023464e+02
6.880865389788937136e+02
6.916555748288644736e+02
6.938483801421923545e+02
6.967416545943239043e+02
7.009840386422716847e+02
7.041622469711184067e+02
7.050775684513954502e+02
7.075753008158879993e+02
7.093991860349647141e+02
7.109705877264004812e+02
7.117325651969653109e+02
7.130049131609528104e+02
7.147130823950132026e+02
7.155643391330013401e+02
7.172930734771209700e+02
7.195540132941547427e+02
7.219913921111542550e+02
7.263440235322216267e+02
7.304791069168148852e+02
7.371862919302029695e+02
7.438087934674708777e+02
7.469690722976540656e+02
7.486187534457844777e+02
7.504986888408060395e+02
