1.074231472131558229e+00
1.073457349539718164e+00
1.072663678870221071e+00
1.071880253619996282e+00
1.071119283210212103e+00
1.070331638531536012e+00
1.069579276466593676e+00
1.068840465166375875e+00
1.068067622194536215e+00
1.067352421114964534e+00
1.066058371462950127e+00
1.064763610687007755e+00
1.063535491658207821e+00
1.062315921153840881e+00
1.061166979775299390e+00
1.060028466938859326e+00
1.058949440080361626e+00
1.057906708217555058e+00
1.056879818774482560e+00
1.055889144755722375e+00
1.054941089397356313e+00
1.054048037754004907e+00
1.053155293837809703e+00
1.052301470767251557e+00
1.051478347889624132e+00
1.050700146251992484e+00
1.049934515596420148e+00
1.049199122928083927e+00
1.048170353134316057e+00
1.047426948358127996e+00
1.046687291951436283e+00
1.045929095755228522e+00
1.045202790771539769e+00
1.044506754212773503e+00
1.043818376080749788e+00
1.043118706689535102e+00
1.042430719219505697e+00
1.041773599479271173e+00
1.041128050162113183e+00
1.040494761212359620e+00
1.039874313543709627e+00
1.039251996282136048e+00
1.038659286657707570e+00
1.038080543208550033e+00
1.037502868838157344e+00
1.036953247697441904e+00
1.036406120997589220e+00
1.035863260912832207e+00
