1.017579172161583223e+00
1.017405420350026457e+00
1.017227082333633792e+00
1.017050848897602222e+00
1.016879478493963429e+00
1.016701905355211100e+00
1.016532100427010032e+00
1.016365176518544189e+00
1.016190375287443937e+00
1.016028439617538970e+00
1.015735020494152652e+00
1.015440896513889024e+00
1.015161407313625697e+00
1.014883376787658165e+00
1.014621002997827759e+00
1.014360583859634124e+00
1.014113378212632588e+00
1.013874123440985153e+00
1.013638152942768267e+00
1.013410173829176975e+00
1.013191697668651914e+00
1.012985623823497550e+00
1.012779355655748059e+00
1.012581831473553517e+00
1.012391178908447209e+00
1.012210722500533455e+00
1.012032983015558552e+00
1.011862077861840570e+00
1.011622686595329279e+00
1.011449476781499213e+00
1.011276955115991472e+00
1.011099917073209342e+00
1.010930142968600398e+00
1.010767276167739315e+00
1.010606039451139360e+00
1.010441992755233276e+00
1.010280522337332565e+00
1.010126145703648115e+00
1.009974343563711408e+00
1.009825285849840437e+00
1.009679117268339255e+00
1.009532375494919254e+00
1.009392491401292391e+00
1.009255786761366069e+00
1.009119219538835877e+00
1.008989177448716523e+00
1.008859621899254488e+00
1.008730974320644513e+00
