1.035787458212306111e+00
1.035427470719870291e+00
1.035058113678061220e+00
1.034693247109434555e+00
1.034338574212866346e+00
1.033971194383824121e+00
1.033620010239659326e+00
1.033274902693301467e+00
1.032913634672306236e+00
1.032579070905888408e+00
1.031973138985504468e+00
1.031366113947280727e+00
1.030789628729454233e+00
1.030216476784495683e+00
1.029675897380214922e+00
1.029139629816892665e+00
1.028630834217114653e+00
1.028138645929052242e+00
1.027653447836525791e+00
1.027184901918611448e+00
1.026736089750129421e+00
1.026312937555785565e+00
1.025889563248014502e+00
1.025484302141877135e+00
1.025093293303621866e+00
1.024723334781370010e+00
1.024359078407873991e+00
1.024008951779065590e+00
1.023518723948230624e+00
1.023164171203353900e+00
1.022811150552912274e+00
1.022449016366461239e+00
1.022101862453692167e+00
1.021768944573582694e+00
1.021439466732252610e+00
1.021104357053927769e+00
1.020774618605286177e+00
1.020459466950657479e+00
1.020149666827050217e+00
1.019845559999526419e+00
1.019547436466533785e+00
1.019248232368387130e+00
1.018963093495180328e+00
1.018684513394451097e+00
1.018406290077786602e+00
1.018141431443855494e+00
1.017877632866156734e+00
1.017615751313647676e+00
