9.406996067308378562e-01
9.427967879379256511e-01
9.448058378479489150e-01
9.466648567895312727e-01
9.483652922068628310e-01
9.500272412179037174e-01
9.515305656963997105e-01
9.529341089609527637e-01
9.543319331201880473e-01
9.555666932397429703e-01
9.576711131055255510e-01
9.596277379929015749e-01
9.613624220485036398e-01
9.629812248152785914e-01
9.644213031026789285e-01
9.657747362416493342e-01
9.669957985243111676e-01
9.681234611543587665e-01
9.691875783477806872e-01
9.701736694555326279e-01
9.710826298455489392e-01
9.719097693635643243e-01
9.727101017898792668e-01
9.734521281083332589e-01
9.741469626112981839e-01
9.747862892391419010e-01
9.753993986165524488e-01
9.759741225637214024e-01
9.767559649971175872e-01
9.773056162342117492e-01
9.778403400936601653e-01
9.783764027467822810e-01
9.788789277315037562e-01
9.793508152714295312e-01
9.798085284275470652e-01
9.802649312975971752e-01
9.807053587807925688e-01
9.811185629082337378e-01
9.815176329101591435e-01
9.819027353849489881e-01
9.822740893224618519e-01
9.826408419557466356e-01
9.829849817362106279e-01
9.833162950680507386e-01
9.836424819026929889e-01
9.839487583084125522e-01
9.842498106900195998e-01
9.845448356562450654e-01
