8.880385702859144859e-01
8.917838852474405664e-01
8.953857704553243035e-01
8.987309147536775011e-01
9.018010580945275967e-01
9.048113232285255325e-01
9.075424943959198298e-01
9.100994666385699983e-01
9.126528420980796197e-01
9.149140371753247125e-01
9.187801711675704919e-01
9.223888150857731949e-01
9.255994992519087639e-01
9.286053906314924999e-01
9.312873140392142757e-01
9.338146824405091362e-01
9.361005474609864763e-01
9.382163705783703733e-01
9.402172092576318585e-01
9.420750282706289447e-01
9.437906852574488026e-01
9.453545422443736523e-01
9.468701127988955468e-01
9.482773816674233691e-01
9.495969959753763900e-01
9.508127710473305294e-01
9.519801152805551503e-01
9.530756439593291995e-01
9.545679540649282258e-01
9.556184445251121318e-01
9.566414900268850330e-01
9.576681718998061310e-01
9.586316004243884414e-01
9.595371553018937627e-01
9.604163098143412292e-01
9.612937334292227520e-01
9.621411897267475588e-01
9.629369298478454020e-01
9.637060636783439938e-01
9.644488493542217045e-01
9.651656492386728736e-01
9.658740811340633670e-01
9.665392979327177558e-01
9.671801468848217898e-01
9.678114879767039103e-01
9.684046610420772305e-01
9.689880652268360040e-01
9.695601245927046863e-01
