7.700358630148284647e+02
7.624534310377573547e+02
7.660146556801583984e+02
7.669750212522252468e+02
7.781640047963555844e+02
7.831859800044860549e+02
7.963986753029006422e+02
7.940871417821959994e+02
7.948517517433195962e+02
7.985968225170391861e+02
8.035832639909923500e+02
8.089559170137982846e+02
8.139747138715680421e+02
8.168779065594877693e+02
8.197882958517200223e+02
8.224922479190821605e+02
8.268856713171679758e+02
8.292401557191686834e+02
8.305635101508723892e+02
8.335477051142347591e+02
8.350431256569645484e+02
8.365452221348324429e+02
8.377638727599112372e+02
8.386516135918675445e+02
8.393581570774744023e+02
8.403035364934474956e+02
8.406174869127758029e+02
8.413898304557853862e+02
8.425334644768245198e+02
8.435115958503880620e+02
8.432166029510578937e+02
8.437459371436473248e+02
8.440561301460425057e+02
8.443421456171273576e+02
8.441848397136020594e+02
8.443498221561984565e+02
8.447698916799195104e+02
8.449632234320824864e+02
8.456566231052065632e+02
8.467354536815241772e+02
8.480433404969289768e+02
8.502297101363742513e+02
8.523361362675618693e+02
8.553903090311454207e+02
8.581536855543081401e+02
8.590090031955766108e+02
8.591331444971483506e+02
8.594310787254366915e+02
