5.469811693123994019e+02
5.354538396729058150e+02
5.420613775110050483e+02
5.472831552387757483e+02
5.667283735633077413e+02
5.827818878737512023e+02
5.996698091782493520e+02
5.941503387719703824e+02
5.960480874209749800e+02
6.023603504450303490e+02
6.128289067487413604e+02
6.242113260569448130e+02
6.352335782344731570e+02
6.420777417912581768e+02
6.494484101315922544e+02
6.563719054469841012e+02
6.662828817435295150e+02
6.723299127970872178e+02
6.764318994659790860e+02
6.838718818577004868e+02
6.883428359903964520e+02
6.926088843607348053e+02
6.964942948944897125e+02
6.995666499819419641e+02
7.023769578331506409e+02
7.056507029911118707e+02
7.075390618687116557e+02
7.101587854064783869e+02
7.140293036559386337e+02
7.169472843638891391e+02
7.175754181147908639e+02
7.198069491505254973e+02
7.213730204266299779e+02
7.227000433812636402e+02
7.232144056873446516e+02
7.242463503762675145e+02
7.257277594349131959e+02
7.263579395792030482e+02
7.278837234838686072e+02
7.299557611080142578e+02
7.322136862238926369e+02
7.364081562339919174e+02
7.403938416553623938e+02
7.469810451756763996e+02
7.534788525215274149e+02
7.564876287836641495e+02
7.579736314612395063e+02
7.596950829418246940e+02
