8.079697379086426281e+02
8.000592287257246653e+02
8.031257013293435421e+02
8.035547347176042194e+02
8.141505263008497195e+02
8.184731154455837441e+02
8.312017801085369229e+02
8.285973264692270277e+02
8.289331913909902596e+02
8.322458401542886577e+02
8.364246836456424035e+02
8.409788564893716512e+02
8.452140971703104242e+02
8.473998649125569500e+02
8.496185068580520010e+02
8.516443225867753881e+02
8.553583235656469697e+02
8.571052487514884888e+02
8.578566889352323415e+02
8.602443626538613444e+02
8.612041767577238716e+02
8.622067489918449610e+02
8.629305850218482874e+02
8.633582038006793482e+02
8.636214425515876201e+02
8.641411578910185654e+02
8.640571221513182536e+02
8.644374536184162707e+02
8.650338705665783436e+02
8.656167935813252825e+02
8.649551600927729851e+02
8.650896698050303257e+02
8.650334959880989345e+02
8.649727048728461796e+02
8.644789093742443811e+02
8.642996878364117492e+02
8.643766340056257604e+02
8.642574669688318636e+02
8.646347227835304921e+02
8.654024291379070064e+02
8.664079196791795994e+02
8.682724246904526808e+02
8.700779340252706788e+02
8.728057543313516362e+02
8.752408445851234546e+02
8.758082917414977828e+02
8.756579532577246709e+02
8.756818869848359554e+02
