1.054659245042394389e+00
1.054099510491758540e+00
1.053525420658141476e+00
1.052958522212994685e+00
1.052407663541215843e+00
1.051837278711454049e+00
1.051292238145319358e+00
1.050756818132136505e+00
1.050196527085616838e+00
1.049677835216822563e+00
1.048738875904909218e+00
1.047798802260037077e+00
1.046906560891595062e+00
1.046019996250912687e+00
1.045184288220537772e+00
1.044355699050641739e+00
1.043569973672198170e+00
1.042810280556935920e+00
1.042061747930949300e+00
1.041339254669709558e+00
1.040647512394949459e+00
1.039995607292272028e+00
1.039343639696182375e+00
1.038719827099153559e+00
1.038118195485190354e+00
1.037549172553962729e+00
1.036989128148211536e+00
1.036451002853502557e+00
1.035697870098539752e+00
1.035153406569104595e+00
1.034611489781501525e+00
1.034055783975612375e+00
1.033523256886895059e+00
1.033012743148282730e+00
1.032507673692717898e+00
1.031994143494866734e+00
1.031489014036360174e+00
1.031006387506207433e+00
1.030532106123533964e+00
1.030066685100867963e+00
1.029610559969673211e+00
1.029152919638288255e+00
1.028716921072364787e+00
1.028291072553713104e+00
1.027865888934178740e+00
1.027461240269640808e+00
1.027058318642568802e+00
1.026658431116955539e+00
