5.760648038302118721e+02
4.722099462319828831e+02
4.677992024628707668e+02
5.410179106104528728e+02
5.380686367649767590e+02
5.523407741965247624e+02
6.088952305347561378e+02
5.726826432795872961e+02
5.583888611283560977e+02
5.891472973401645277e+02
5.897317168304106190e+02
5.763706010698532509e+02
5.821726153715234204e+02
5.865641184182868528e+02
6.059391359001242563e+02
6.216847198212693684e+02
6.383715567501724308e+02
6.317353043985285694e+02
6.328148769934039137e+02
6.385786430082030165e+02
6.480476155205084297e+02
6.585043471325491282e+02
6.686842084140387215e+02
6.745970406777379367e+02
6.811476747797806865e+02
6.872718590729132302e+02
6.965321960127334933e+02
7.018764730468695916e+02
7.052604200766810436e+02
7.121006221978420854e+02
7.159497102799949744e+02
7.196442741455033456e+02
7.229607700494078699e+02
7.254884241814086181e+02
7.277782480095140727e+02
7.305786743756481201e+02
7.319872385588288353e+02
7.341639863369664454e+02
7.374296286040138284e+02
7.399172400281984210e+02
7.400900033381896037e+02
7.418820767736144717e+02
7.430269057425720121e+02
7.439530521631265856e+02
7.440630740350728729e+02
7.446969202260511338e+02
7.457961668544398890e+02
7.460588862185924199e+02
7.472369048613369387e+02
7.489792663952777048e+02
7.509209237989144867e+02
7.548215890831322668e+02
7.585316280662723329e+02
7.648755511563409755e+02
7.711272018420256700e+02
7.738671067082369746e+02
7.750709192219096622e+02
7.765149985301534343e+02
7.816364550100596489e+02
7.923707082662101584e+02
7.937699443673062660e+02
7.951837709824216063e+02
7.964178723849357766e+02
7.977414606900046010e+02
