5.596809624122123523e+02
4.574297327916143558e+02
4.534659371783211554e+02
5.257859579619328088e+02
5.231050077193489187e+02
5.374434813750772264e+02
5.936360248633976653e+02
5.579553943545479342e+02
5.439354646967764211e+02
5.745796845675332634e+02
5.753861968449402866e+02
5.623151205916832396e+02
5.682238972914976785e+02
5.727076760331240166e+02
5.920675345733039876e+02
6.077840749715290940e+02
6.245758884588781257e+02
6.181554192222771462e+02
6.193869336879042748e+02
6.252655979711585132e+02
6.349360005991621847e+02
6.455938229962265495e+02
6.559682368045827161e+02
6.620994150549064443e+02
6.688487314604474250e+02
6.751761419721002540e+02
6.846204549341150596e+02
6.901552281346479276e+02
6.937331352457887306e+02
7.007516026865667982e+02
7.047812944350750968e+02
7.086456127316509992e+02
7.121331074477766379e+02
7.148246321545536830e+02
7.172745746103493047e+02
7.202248982082215889e+02
7.217818796738662286e+02
7.241037726763987621e+02
7.275702535506356980e+02
7.302060813264565695e+02
7.305252169831355786e+02
7.324697983532857961e+02
7.337588559438446509e+02
7.348238458154687578e+02
7.350735914547490211e+02
7.358487344037989715e+02
7.370880320541895117e+02
7.374829127175796657e+02
7.387925451632914928e+02
7.406633863279444085e+02
7.427303222066194621e+02
7.467558104248262225e+02
7.505821201043705742e+02
7.570402696536193616e+02
7.634043359754372204e+02
7.662525701327416527e+02
7.675659225151454166e+02
7.691202946402686393e+02
7.748991400068350686e+02
7.865923321044299428e+02
7.880767747557860048e+02
7.895924982009861424e+02
7.909057001922459449e+02
7.922904299241250783e+02
