7.085380032606502709e+02
7.118325972380600888e+02
7.211750184193954283e+02
7.184364279586575321e+02
7.220995022270137724e+02
7.243588169058012909e+02
7.211905180543043343e+02
7.264279986826105642e+02
7.269346995369962769e+02
7.253694193486426229e+02
7.290428563553330150e+02
7.314512716963816956e+02
7.313805549067353695e+02
7.299019475615065176e+02
7.278423766748920798e+02
7.226237245760991073e+02
7.241648809960255448e+02
7.267860308080021241e+02
7.272249158559728812e+02
7.272712559317495788e+02
7.263497477939529290e+02
7.251547231750255378e+02
7.237692786041804993e+02
7.232308783298169601e+02
7.222219528086882292e+02
7.213303560031913548e+02
7.198790976543634770e+02
7.190746209669862310e+02
7.186101685003886814e+02
7.173667229551928131e+02
7.167244701181684832e+02
7.161380784527216292e+02
7.155664235896086893e+02
7.151404500878034014e+02
7.147566104667157560e+02
7.142120948698815255e+02
7.139577809341934653e+02
7.136379465580988608e+02
7.130931490593184208e+02
7.127734480163461512e+02
7.127405149744969322e+02
7.125132289104163874e+02
7.123850934920294549e+02
7.123586105810542222e+02
7.124956103484736332e+02
7.125862907759739073e+02
7.126128005953136153e+02
7.128908454306914564e+02
7.130593800450668596e+02
7.132103890420404468e+02
7.134103525283652516e+02
7.131974072498437636e+02
7.129777822104665574e+02
7.120641026104879074e+02
7.108219607390165038e+02
7.100685796086470418e+02
7.097136571232454116e+02
7.092752423436543268e+02
7.069505348232806909e+02
7.029789980466105135e+02
7.023830560121124336e+02
7.020942437966359648e+02
7.017078123283671403e+02
7.011680944565279106e+02
