5.919351793554072856e+02
4.864649605951232161e+02
4.816786242458625793e+02
5.558156460111484876e+02
5.526231575374573595e+02
5.668619077355830314e+02
6.238226443738836906e+02
5.870692769307516983e+02
5.724858758087148090e+02
6.033850385265271825e+02
6.037715456049808154e+02
5.901177772518195752e+02
5.958179567689958276e+02
6.001117086645857626e+02
6.195123790982970604e+02
6.352728298822941042e+02
6.518897946413693489e+02
6.450424102261154076e+02
6.459725658602976637e+02
6.516287234714645820e+02
6.609023466823682611e+02
6.711647918253848957e+02
6.811563544744103638e+02
6.868552060502742052e+02
6.932100446678246044e+02
6.991346920814933128e+02
7.082175329442552538e+02
7.133743378140433151e+02
7.165659948549230194e+02
7.232319230060513746e+02
7.269029835609286465e+02
7.304300321920865144e+02
7.335775253904942019e+02
7.359423177878410343e+02
7.380735882623889665e+02
7.407257133449363664e+02
7.419859771754522626e+02
7.440197285536464733e+02
7.470869347220299233e+02
7.494292710819028116e+02
7.494553065851006295e+02
7.510974658817559657e+02
7.520991214495786608e+02
7.528874701717702465e+02
7.528588419198900965e+02
7.533529960931373353e+02
7.543146393574895683e+02
7.544462390361994721e+02
7.554955251289907210e+02
7.571128583065966495e+02
7.589326633209436750e+02
7.627136932425448776e+02
7.663116280083315814e+02
7.725476068507485934e+02
7.786917164580576127e+02
7.813254866511076671e+02
7.824201764916605271e+02
7.837557984426979374e+02
7.882236754485072652e+02
7.980130669865692425e+02
7.993117299593955067e+02
8.006496328325507648e+02
8.018029007548221898e+02
8.030434007223474282e+02
