7.321790669746475260e+02
7.248832914150682427e+02
7.289313453142653998e+02
7.303780574049457073e+02
7.421791658961396934e+02
7.478312074723492060e+02
7.616292338145092344e+02
7.596029141851978466e+02
7.607819889131617401e+02
7.649648818998100523e+02
7.707445470007678523e+02
7.769250306453035364e+02
7.827173610405191084e+02
7.863222301464079464e+02
7.899064829045565830e+02
7.932741367726591761e+02
7.983445538727318080e+02
8.012938383766820607e+02
8.031724933007521940e+02
8.067461433834965874e+02
8.087661664267775450e+02
8.107574943619911210e+02
8.124601431478417908e+02
8.137952501937606939e+02
8.149347336281475691e+02
8.162969464472480468e+02
8.169957838427554861e+02
8.181540600959990570e+02
8.198352285583299590e+02
8.212055248585370464e+02
8.212636745688062092e+02
8.221835896033979907e+02
8.228521288740075761e+02
8.234775530889803576e+02
8.236491769983978202e+02
8.241524947346645149e+02
8.249133450848322582e+02
8.254131029951095115e+02
8.264220962835855744e+02
8.278139383539606797e+02
8.294269356404760174e+02
8.319437986127331897e+02
8.343571644829905836e+02
8.377519796539667141e+02
8.408525360830143427e+02
8.419944609111551017e+02
8.423899519390820387e+02
8.429595331848061051e+02
