5.763165154609728233e+02
5.740616160171407500e+02
5.818870562617206588e+02
5.872988473057949932e+02
6.017291993257733793e+02
6.109753517801186717e+02
6.267253486480494757e+02
6.278402472198463329e+02
6.321011809513610160e+02
6.388010582751846869e+02
6.491828416743671823e+02
6.597272243427098601e+02
6.694977245910172314e+02
6.769421026568967363e+02
6.840207833502809081e+02
6.907269588053433154e+02
6.987974783829731678e+02
7.045999858594775560e+02
7.092232529235520815e+02
7.153501354300040020e+02
7.197718007367903965e+02
7.239567546795111639e+02
7.278128717173037785e+02
7.311537830879677813e+02
7.341969926764057846e+02
7.373237979055868436e+02
7.397194171241405911e+02
7.424755430422979998e+02
7.463443541991798611e+02
7.492593311557716333e+02
7.508389340464826773e+02
7.532933077883941451e+02
7.553948454414038451e+02
7.573659607169602168e+02
7.588572418772976107e+02
7.606740156621549431e+02
7.627093196316270678e+02
7.643878882566124275e+02
7.665408600069367822e+02
7.690298934734939849e+02
7.716928545690171859e+02
7.752603078519105111e+02
7.786542194228029530e+02
7.830318530670510881e+02
7.871252770046410205e+02
7.892180286190874767e+02
7.905513380260797476e+02
7.920425781003937118e+02
