6.791022947679747404e+02
6.734235593941484694e+02
6.787085457489183682e+02
6.814661777342356572e+02
6.941522120949006194e+02
7.010345742829438223e+02
7.154548984457110237e+02
7.144104906838811075e+02
7.165802605521021178e+02
7.215783355482008119e+02
7.288577672505125520e+02
7.364649994159311746e+02
7.435622730977975152e+02
7.484171607765599674e+02
7.531457985550105150e+02
7.576082882200241784e+02
7.636736866183380243e+02
7.675621525565778711e+02
7.703416777302685432e+02
7.747655121520535886e+02
7.775803085852128333e+02
7.802991892286170241e+02
7.827172344122557206e+02
7.847182642399808401e+02
7.864914630314467558e+02
7.884441940538832796e+02
7.897083446248842620e+02
7.914026081463632636e+02
7.938199858714689299e+02
7.957120595443178672e+02
7.962796713985031829e+02
7.977190443132498103e+02
7.988719129552457616e+02
7.999527142302787297e+02
8.005705037956722663e+02
8.015199475867041201e+02
8.027159970228625525e+02
8.036166740554850776e+02
8.050180454098887139e+02
8.067880921828196961e+02
8.087639254047429631e+02
8.116490143911247515e+02
8.144062600403678971e+02
8.181525065238392926e+02
8.216084227302688987e+02
8.230849814718776543e+02
8.238076737608901112e+02
8.247003775732064241e+02
