6.834587013758718967e+02
6.105382772867428685e+02
6.166675963396039606e+02
6.672336792324929320e+02
6.688953880743531499e+02
6.816772976093732268e+02
7.197155115608034066e+02
6.988295581951131226e+02
6.889880843378159625e+02
7.098421026945355834e+02
7.143684437004304755e+02
7.072061528982098935e+02
7.114663228021678378e+02
7.131242889697464307e+02
7.251886582798628069e+02
7.311099729062631241e+02
7.451698785055915550e+02
7.432743660105156778e+02
7.446386620311162687e+02
7.490169449676509430e+02
7.551504680142206780e+02
7.616927707477793774e+02
7.678328884844764843e+02
7.717547768980592764e+02
7.756437680196404472e+02
7.793128208597455568e+02
7.846916693784455674e+02
7.879123365214235264e+02
7.900448629405420888e+02
7.938887220680923065e+02
7.961498656745558264e+02
7.983663068013013344e+02
8.002920633974897555e+02
8.018334558902440676e+02
8.031731725957058643e+02
8.047283691472450755e+02
8.056052366512966501e+02
8.069429345106682376e+02
8.088740972348463174e+02
8.104274854462412350e+02
8.106498146978058230e+02
8.117525236728262144e+02
8.125883894964936189e+02
8.133724846496326109e+02
8.136981658688480366e+02
8.143602501059499446e+02
8.152814148992825949e+02
8.159249499414266893e+02
8.170828821726372553e+02
8.186227607789309104e+02
8.203800368747904486e+02
8.230539170308582015e+02
8.256129952689539095e+02
8.291701618851066087e+02
8.324313685612594327e+02
8.337095789718862306e+02
8.342331063262431599e+02
8.349320821368078214e+02
8.365714190057271935e+02
8.407177621786443069e+02
8.413248713731169346e+02
8.418678200693418603e+02
8.423981837031302575e+02
8.426896181352727808e+02
