7.043133693271919356e+02
6.869740557409187431e+02
6.971478495955141170e+02
7.088310419864907317e+02
7.125912987658855400e+02
7.182218431714959479e+02
7.260183595109159569e+02
7.248644724312524659e+02
7.225778583613839601e+02
7.270246601275287048e+02
7.315756397161532050e+02
7.317144591617585547e+02
7.328499370130581383e+02
7.320109699673338355e+02
7.335484968087336028e+02
7.305707453100218345e+02
7.358716051000246807e+02
7.376614333026720942e+02
7.384388434966692785e+02
7.397035098560822917e+02
7.405995569664813729e+02
7.413664004880527045e+02
7.418630918425428717e+02
7.424857380700088925e+02
7.426864641844055086e+02
7.429212700500453366e+02
7.431444607878256647e+02
7.433359770652181169e+02
7.435288691962638268e+02
7.435043738865942942e+02
7.435812612943682325e+02
7.436769156722311891e+02
7.437060042859710620e+02
7.437770749892936237e+02
7.438176213373503742e+02
7.437738191475862095e+02
7.437862621196833288e+02
7.438876858174570543e+02
7.439433101416037744e+02
7.441013491696901383e+02
7.441326751779220103e+02
7.442438057700950367e+02
7.443707989247538990e+02
7.445606965994500115e+02
7.447778539927396650e+02
7.450123155428034352e+02
7.453141678235297150e+02
7.457356408565595984e+02
7.462094573807976303e+02
7.467674708976356897e+02
7.474083864059676898e+02
7.479277530554329587e+02
7.484336959086012939e+02
7.486162162658738453e+02
7.484099882123507541e+02
7.481248621132863263e+02
7.479217778639801963e+02
7.477542444689344165e+02
7.462247628140517008e+02
7.439612005673002386e+02
7.437711936857383535e+02
7.433964595170427856e+02
7.432959976072517065e+02
7.428183544393451712e+02
