7.986235372347478823e-01
8.047021455088745334e-01
8.105868514896313881e-01
8.160865739139993025e-01
8.211636559334581920e-01
8.261693554749716117e-01
8.307348246719498119e-01
8.350298387465570071e-01
8.393389686541922190e-01
8.431719407542217493e-01
8.497625983654302217e-01
8.559569796457172641e-01
8.615032277011916984e-01
8.667258379857297745e-01
8.714103671270851947e-01
8.758465034630885659e-01
8.798768955233434719e-01
8.836229383926405001e-01
8.871791629940716239e-01
8.904932329176893369e-01
8.935640616621509658e-01
8.963718899863606371e-01
8.991009791823602049e-01
9.016420918672547469e-01
9.040311121800744809e-01
9.062374615319774840e-01
9.083607373786710681e-01
9.103576953301925068e-01
9.130846502818775745e-01
9.150089251451174466e-01
9.168866510161194361e-01
9.187747568228979977e-01
9.205499233575249463e-01
9.222214519081255446e-01
9.238470349943948001e-01
9.254721612446252799e-01
9.270443919688414747e-01
9.285230161548773120e-01
9.299543593701297128e-01
9.313386873702291791e-01
9.326764699313287998e-01
9.340004573006839284e-01
9.352453324956011560e-01
9.364461226815880002e-01
9.376305555592473473e-01
9.387447039204388499e-01
9.398417540470256348e-01
9.409186772817508260e-01
