6.091303002837555596e+02
5.020136347487768944e+02
4.967870595149470319e+02
5.718293213676784035e+02
5.683586697896591886e+02
5.825276150464020475e+02
6.398520347068448473e+02
6.025419305746293048e+02
5.876549310181999317e+02
6.186623845431116706e+02
6.188201826254902471e+02
6.048551903439225725e+02
6.104317161949035153e+02
6.146105864889284476e+02
6.340137922712374348e+02
6.497747200123749280e+02
6.662888482433793342e+02
6.592124628820306498e+02
6.599746528954675568e+02
6.655040411904789153e+02
6.745507222376545542e+02
6.845875714367455203e+02
6.943616743594338914e+02
6.998195422104336103e+02
7.059539210741983197e+02
7.116548693066881697e+02
7.205362483228005885e+02
7.254845540197729861e+02
7.284643699679849078e+02
7.349361457589243400e+02
7.384113408407389443e+02
7.417544672465580788e+02
7.447169633959526891e+02
7.469042982317653241e+02
7.488629940727298617e+02
7.513536451607683375e+02
7.524535250539310027e+02
7.543320959605415510e+02
7.571843099036801732e+02
7.593692550106334238e+02
7.592379331781140763e+02
7.607184134417188943e+02
7.615662821851553872e+02
7.622068487659339553e+02
7.620298538313363679e+02
7.623744237976736713e+02
7.631886582195601250e+02
7.631803434297034983e+02
7.640917521706259095e+02
7.655750983420750799e+02
7.672643501452913597e+02
7.709166115048570873e+02
7.743941406441745130e+02
7.805133047809054005e+02
7.865415515673213349e+02
7.890619820791755501e+02
7.900412127054279381e+02
7.912616029301933622e+02
7.950396441757101229e+02
8.038343979483997828e+02
8.050370698575726465e+02
8.062802407889923870e+02
8.073515957888188268e+02
8.085158868288422127e+02
