4.831280852056751769e+02
4.744611099359863147e+02
4.825106573246306993e+02
4.891486717966131437e+02
5.090001637937380110e+02
5.256973353614524740e+02
5.432529990413437417e+02
5.395340934679637712e+02
5.428108999975256665e+02
5.501203035487289981e+02
5.623560315556330806e+02
5.753801851415829560e+02
5.878871745259583577e+02
5.963061207716613126e+02
6.050610771852759626e+02
6.133217441834925694e+02
6.243500326521544821e+02
6.315539308778817258e+02
6.368128877942691588e+02
6.452406927263120906e+02
6.507056140434564213e+02
6.558804853631361311e+02
6.606617982641838580e+02
6.645829683790127547e+02
6.681985561225455967e+02
6.722039707637295578e+02
6.748227642360271830e+02
6.781183249506827906e+02
6.829068895648493935e+02
6.864751222728226594e+02
6.877757139421847796e+02
6.906603386828136308e+02
6.928471146873116595e+02
6.947616650434529220e+02
6.958625841612109753e+02
6.974715842155143264e+02
6.995060919608997665e+02
7.006638461694026319e+02
7.026897361076534025e+02
7.052359855742596437e+02
7.079481063931858671e+02
7.125679288557673772e+02
7.169507629313231973e+02
7.238939313529701849e+02
7.307477416648166582e+02
7.341324945510096995e+02
7.360090682511089426e+02
7.381128550655313347e+02
