6.458660752176604092e+02
5.353806676987593391e+02
5.292108618600855152e+02
6.060464000040566361e+02
6.019687447025301026e+02
6.159515690972173161e+02
6.739534168040961504e+02
6.354846714262673686e+02
6.199402534505793483e+02
6.511187757962666183e+02
6.507771147509222374e+02
6.361446373717161578e+02
6.414291181532361179e+02
6.453320575451338073e+02
6.646988881773286266e+02
6.804105316488007702e+02
6.966848839083938856e+02
6.891155556206784922e+02
6.895027263931208381e+02
6.947435520652245486e+02
7.032719516586461168e+02
7.127949428845647617e+02
7.220758700935414254e+02
7.269964134617446234e+02
7.326382083560067713e+02
7.378422536712391775e+02
7.462750370146320620e+02
7.507633033103644493e+02
7.532782482587707591e+02
7.593225587900765277e+02
7.623697756371506102e+02
7.653116429551242845e+02
7.678714648460261287e+02
7.696731857642636214e+02
7.712579602671132761e+02
7.733988279031711954e+02
7.741518369015487906e+02
7.756960184395201168e+02
7.780851367203966902e+02
7.799323913963984296e+02
7.794630240502975767e+02
7.805975805716958575e+02
7.811162411006655475e+02
7.814409529596222228e+02
7.809475838899127211e+02
7.809735695661901218e+02
7.814745442084048364e+02
7.811688000539662653e+02
7.817881165014250655e+02
7.829881166316887402e+02
7.844016241698170688e+02
7.877825070141675496e+02
7.910061301426019327e+02
7.968799819272343257e+02
8.026639564611137985e+02
8.049449969463884145e+02
8.056803303480020304e+02
8.066580807380985334e+02
8.089836806247641334e+02
8.157023246125883134e+02
8.167026115271091840e+02
8.177546335814689655e+02
8.186539504320134029e+02
8.196613857479607077e+02
