5.704163749462587703e+02
4.730225892297656856e+02
4.708360372088771442e+02
5.394684671992112044e+02
5.375942753280683064e+02
5.516889217231923794e+02
6.047397256436770476e+02
5.716643876334526340e+02
5.583414462657642616e+02
5.872817381429307488e+02
5.888307305452756282e+02
5.768108904957714458e+02
5.824330442677494375e+02
5.863813005565488083e+02
6.044480219213887722e+02
6.183352378044127136e+02
6.347278467746519937e+02
6.291577251646973536e+02
6.304249573175768546e+02
6.360564018191849982e+02
6.450980368118974866e+02
6.550187002321017644e+02
6.646288118865584238e+02
6.703662249583076118e+02
6.765952025874488527e+02
6.824425625903129458e+02
6.911455351732431609e+02
6.962630366578182475e+02
6.995798874608327651e+02
7.060171335425691268e+02
7.097208451862791208e+02
7.132869343032811003e+02
7.164742310347138528e+02
7.189337296399367006e+02
7.211547827115083464e+02
7.238112720487910110e+02
7.252313005833289026e+02
7.273462271213393251e+02
7.304950371427310074e+02
7.329118302255021717e+02
7.332079396588087548e+02
7.349815883447297438e+02
7.361797050066121528e+02
7.371883255389288934e+02
7.374681795102588922e+02
7.382053935339749842e+02
7.394050940155993885e+02
7.398598614456464020e+02
7.411594147264111143e+02
7.429815437138831840e+02
7.450144966038019447e+02
7.487404546577813562e+02
7.523425932182137785e+02
7.582188035563098083e+02
7.638793988923308689e+02
7.664900601438429248e+02
7.676238859037898692e+02
7.689939070252282818e+02
7.738704990373213377e+02
7.838047777086742371e+02
7.852144851132613894e+02
7.865376584008654390e+02
7.875014831162375231e+02
7.888723998725755564e+02
