7.877307786061660408e+02
7.799871896245757625e+02
7.833354672713843456e+02
7.840556621685479968e+02
7.950011877315698712e+02
7.997069899194908658e+02
8.127390898647890936e+02
8.102940727242602179e+02
8.108664922803487798e+02
8.144239639454875714e+02
8.190521649853454846e+02
8.240611754231075565e+02
8.287303171913284814e+02
8.313097538822366914e+02
8.339065728935057678e+02
8.363027396516287126e+02
8.403901393855272772e+02
8.424673047598973881e+02
8.435277001652697209e+02
8.462397052791948227e+02
8.474887798342045926e+02
8.487607276234099345e+02
8.497507725971909167e+02
8.504249684470055399e+02
8.509257868540842082e+02
8.516736332683238970e+02
8.518015591139071603e+02
8.523918542993058054e+02
8.532807612267046125e+02
8.540754111824311394e+02
8.536076903603584469e+02
8.539529399106404526e+02
8.540913070023136697e+02
8.542145111756216238e+02
8.538989330769686603e+02
8.539022585206668055e+02
8.541616951905916721e+02
8.542078248714447000e+02
8.547532881425512414e+02
8.556869015726720136e+02
8.568536801004667041e+02
8.588908906006498682e+02
8.608573103926486283e+02
8.637609370497623331e+02
8.663716508153785298e+02
8.670911295218796795e+02
8.670851845411498289e+02
8.672532681887057606e+02
