1.104436599702999233e+00
1.103519348039075254e+00
1.102578061479273508e+00
1.101632713243518857e+00
1.100639237830547623e+00
1.099658681195725851e+00
1.098644715237116376e+00
1.097615065942474155e+00
1.096609911689309103e+00
1.095580415771987282e+00
1.094543872880685775e+00
1.093539477447299957e+00
1.092510130185792017e+00
1.091494478606766183e+00
1.090508325827110214e+00
1.089488007717341000e+00
1.088513776718593506e+00
1.087557455448433519e+00
1.086557468000666438e+00
1.085632413995840428e+00
1.083959521645871060e+00
1.082286811108587710e+00
1.080701212374161280e+00
1.079127629218163298e+00
1.077646068595984774e+00
1.076178807936996051e+00
1.074788992407095245e+00
1.073446648685693949e+00
1.072125393292989060e+00
1.070851386797875504e+00
1.069632787041149280e+00
1.068485422872762713e+00
1.067338973021688231e+00
1.066242989909131245e+00
1.065186862863105155e+00
1.064188777922087326e+00
1.063207199720588747e+00
1.062264746388012160e+00
1.060946899839826818e+00
1.059995030753988265e+00
1.059048316436472792e+00
1.058078239955083655e+00
1.057149315603414186e+00
1.056259423853365353e+00
1.055379631480796832e+00
1.054485721826469602e+00
1.053607045397241260e+00
1.052768077482601150e+00
1.051944153136599169e+00
1.051136137939242321e+00
1.050344757592013512e+00
1.049551241640835464e+00
1.048795710158808348e+00
1.048058199597259765e+00
1.047322266233617682e+00
1.046622270701161872e+00
1.045925644893205053e+00
1.045234641579354973e+00
1.041069776771417210e+00
1.035080991245775461e+00
1.034491695257214516e+00
1.033940834182234703e+00
1.033436909993876274e+00
1.032970673910601489e+00
