7.507153765567986738e+02
7.432798044608723558e+02
7.470955514339294723e+02
7.483104484476976950e+02
7.598206133686558132e+02
7.651738253056095118e+02
7.786899620921827818e+02
7.765252451759074575e+02
7.775048676590402010e+02
7.814771447036683867e+02
7.868752668661604730e+02
7.926666502318103085e+02
7.980859216255576030e+02
8.013518382831152849e+02
8.046104590921920590e+02
8.076569539149369348e+02
8.123994041591142832e+02
8.150603962906454854e+02
8.166697418884316448e+02
8.199572283089651137e+02
8.217223574215059898e+02
8.234758916042528654e+02
8.249431410004559666e+02
8.260606350931620909e+02
8.269893299076569519e+02
8.281485128781573621e+02
8.286599378370951854e+02
8.296299647928551622e+02
8.310489147368426757e+02
8.322276543580863972e+02
8.321135514973709633e+02
8.328425296317832363e+02
8.333360057001249288e+02
8.337955784347706185e+02
8.338063842483478538e+02
8.341441630026480425e+02
8.347381170579204763e+02
8.350878750286173045e+02
8.359422054052822659e+02
8.371806050561092434e+02
8.386438126892769560e+02
8.409984009165593761e+02
8.432608750293945832e+02
8.464880963912069092e+02
8.494229023056076358e+02
8.504242592292099516e+02
8.506863983902545669e+02
8.511223441425297551e+02
