6.270894489935895990e+02
5.183014953314968807e+02
5.126142020147606218e+02
5.885565543832793765e+02
5.847913173177011004e+02
5.988754337949986848e+02
6.565474613294819619e+02
6.186659848802511306e+02
6.034592121125781432e+02
6.345602586660393172e+02
6.344756978472477158e+02
6.201849189211294515e+02
6.256233328795212856e+02
6.296724191112712106e+02
6.490647472591203950e+02
6.648099343824487732e+02
6.812100888385907638e+02
6.738933765573218579e+02
6.744749311220488153e+02
6.798661769142900084e+02
6.886650117360337617e+02
6.984558933161855521e+02
7.079935922291724637e+02
7.131924780394705294e+02
7.190895826457710882e+02
7.245507095050562612e+02
7.332157355555146978e+02
7.379415043546888455e+02
7.406960586006094900e+02
7.469608942036743429e+02
7.502283992281144265e+02
7.533766903254912677e+02
7.561435205027944448e+02
7.581433660294178480e+02
7.599200927276283437e+02
7.622405016952660617e+02
7.631714672081679964e+02
7.648869964639314958e+02
7.675133891861252096e+02
7.695334503839967510e+02
7.692371378071882191e+02
7.705485593954008436e+02
7.712355583613383487e+02
7.717216946681038507e+02
7.713899106637222758e+02
7.715785442042877094e+02
7.722393169480312736e+02
7.720853183833531830e+02
7.728534901501050172e+02
7.741978216482259540e+02
7.757517020284821001e+02
7.792706526295045251e+02
7.826234674679355976e+02
7.886219774471126129e+02
7.945302156713296426e+02
7.969331566933801696e+02
7.977926487366949004e+02
7.988938303207238505e+02
8.019579191286263722e+02
8.097301331174700181e+02
8.108330711023015738e+02
8.119822746112115510e+02
8.129667272507301732e+02
8.140536228147254860e+02
