4.641926318780242582e+02
4.564489795725323802e+02
4.647333546140553153e+02
4.716576944603367565e+02
4.912712291560428071e+02
5.079141343616866493e+02
5.252997373406120687e+02
5.221528805208208723e+02
5.257787866911334049e+02
5.332593986989709265e+02
5.458376503930661556e+02
5.591700975202674044e+02
5.719594048925191601e+02
5.807582714212334167e+02
5.898409193747511381e+02
5.984276797672549719e+02
6.096802938302392931e+02
6.171795280296432793e+02
6.227642174840841562e+02
6.314269745196776285e+02
6.371686076817039748e+02
6.425982329659740344e+02
6.476381132234365623e+02
6.518145759629722988e+02
6.556753307628282528e+02
6.598983926153767925e+02
6.627514904712361385e+02
6.662544758119227026e+02
6.713256771083697458e+02
6.750927503363923279e+02
6.766260415602687317e+02
6.797202117255762914e+02
6.821136811011596137e+02
6.842259585237986812e+02
6.855317384050207465e+02
6.873383267774757996e+02
6.895581098307345655e+02
6.909005617717900805e+02
6.930933021419560873e+02
6.957933646241087899e+02
6.986514258737752243e+02
7.033927273873974855e+02
7.078909103802599248e+02
7.149155534785788859e+02
7.218551247806237825e+02
7.253609147364059027e+02
7.273749536844675276e+02
7.296114667093567050e+02
