9.253545691116138187e+03
9.213528627525336560e+03
9.190254357024474302e+03
9.184545235812580358e+03
9.169620989284421739e+03
9.147961213458622296e+03
9.131120778444024836e+03
9.113559923617065579e+03
9.097982546288019876e+03
9.081239220390280025e+03
9.066215838886893835e+03
9.053012763460821589e+03
9.041060106196984634e+03
9.029619425953927930e+03
9.015178902453846604e+03
9.003005294032862366e+03
8.993497146620455169e+03
8.985965267110152126e+03
8.977072583145396493e+03
8.968572759121994750e+03
8.965066460831172662e+03
8.957534318260295549e+03
8.944182756718710152e+03
8.935924141370011057e+03
8.927659243034291649e+03
8.920365535878050650e+03
8.914328811586490701e+03
8.907431219347228762e+03
8.900384890795587125e+03
8.891478681618325936e+03
8.882209075204538749e+03
8.873131453578263972e+03
8.860180852229394077e+03
8.847823062168135948e+03
8.834957478042415460e+03
8.831949480023858996e+03
8.818217478693712110e+03
