1.092689653013745374e+04
1.077306252719323311e+04
1.061901511682428099e+04
1.058640546136557714e+04
1.050194046567576333e+04
1.040899641678494299e+04
1.032791139514222050e+04
1.022324459590651168e+04
1.020604518828083201e+04
1.014410999380732574e+04
1.008120604252282828e+04
1.003305685076927330e+04
9.987798937114988803e+03
9.949955798670418517e+03
9.896779054050397463e+03
9.844288245480891419e+03
9.809620111248306785e+03
9.797627176861722546e+03
9.779512184369343231e+03
9.743133211267630031e+03
9.744310550259149750e+03
9.703074245493880881e+03
9.670743866698638158e+03
9.622784602758671099e+03
9.612189060188014992e+03
9.582067918656344773e+03
9.560733065510417873e+03
9.512500908459896891e+03
9.498523640438239454e+03
9.462708494997528760e+03
9.428885437552935400e+03
9.387303735803208838e+03
9.339568312048630105e+03
9.298021522225919398e+03
9.252026176093997492e+03
9.250612747252251211e+03
9.205049208782400456e+03
