1.076981798910205290e+00
1.075437316096133467e+00
1.073900087102913403e+00
1.073568341193933406e+00
1.072475867737966215e+00
1.071370034998172072e+00
1.070310309754535893e+00
1.069248391486893768e+00
1.068239923726661322e+00
1.067233481967342579e+00
1.066273540030756362e+00
1.065340639357301278e+00
1.064417191696712894e+00
1.063522138809250839e+00
1.062661970450065718e+00
1.061848635934659502e+00
1.061032746228439683e+00
1.060249890252613181e+00
1.059492928512354437e+00
1.058775314178725724e+00
1.058067488301378312e+00
1.057385978929891834e+00
1.056304365609125329e+00
1.055376686501381389e+00
1.054449467133146578e+00
1.053548469464417492e+00
1.052653920473602067e+00
1.051788515075133601e+00
1.050934118513780824e+00
1.050127593961642791e+00
1.049301281476442194e+00
1.048508414854426363e+00
1.047733757169594382e+00
1.046992066285792111e+00
1.046257039444761450e+00
1.045543703423494897e+00
1.044852651499138974e+00
