3.006210415930854651e+03
3.122753742570649592e+03
3.213907714275099352e+03
3.234517543281856433e+03
3.285139177600759922e+03
3.350810677584692257e+03
3.404071384422557912e+03
3.470225607992594178e+03
3.490251698000323813e+03
3.534952545728331643e+03
3.578024204892727084e+03
3.611084670313791321e+03
3.641314205634404971e+03
3.667545725827392289e+03
3.706544659977329047e+03
3.742575393621661078e+03
3.764689259368347848e+03
3.773044812974357683e+03
3.786569194062838960e+03
3.809527013501678994e+03
3.805918607533986687e+03
3.830827968459016120e+03
3.854926692295479370e+03
3.881620533950580466e+03
3.888234081323438204e+03
3.903985939766485444e+03
3.912896817381827987e+03
3.938244264748203022e+03
3.945988381754528291e+03
3.967585485956326465e+03
3.988993427197717665e+03
4.015226351393619098e+03
4.051117433016004725e+03
4.082703690615807773e+03
4.118237716053241456e+03
4.115797461375358580e+03
4.153675509805832007e+03
