8824.7644216629
8831.0056509777
8806.6049503098
8798.1265595936
8795.5736941343
8789.8564706975
8777.9301282855
8769.8684441886
8761.979273102
8752.1158178135
8742.8858460588
8735.0845916735
8728.2867577231
8722.5239346543
8716.8147724364
8708.5490408717
8702.2144132607
8697.7875560277
8694.3171742959
8689.6018827433
8685.7269298345
8685.3802770756
8682.4371253847
8675.2021113227
8672.786067776
8669.0753515062
8666.831159404
8665.4821135593
8664.006299736
8661.2440769216
8657.0586422386
8652.5426062539
8648.2909337684
8640.2625209074
8632.4636817897
8624.2346039748
8624.3169794425
8615.0039614821
