11984.344127446
11760.481611385
11560.104241104
11353.240330477
11309.640456228
11196.121350955
11073.349100265
10965.029318266
10825.529851571
10804.131588227
10722.227741356
10638.853901046
10575.381262304
10514.795630035
10464.056626492
10394.288168107
10324.796768236
10278.808187838
10262.389086041
10238.768778452
10190.446163643
10190.179670202
10134.78227666
10092.619158835
10027.093703986
10013.084817393
9972.1714829818
9943.2126376332
9877.4221921863
9857.2168016395
9811.94479981
9766.0008983318
9708.6001180603
9648.7057588425
9599.2862343891
9540.0543102261
9538.5090638902
9476.5224766685
