3045.2326725565
3155.3669418186
3272.228018267
3362.1821312109
3382.5607495618
3431.9544498619
3496.8366311509
3548.9585517031
3614.0438998993
3632.6090816633
3676.0782289383
3717.8820547528
3749.5449454087
3778.3012687427
3803.064823794
3840.8753362461
3875.6813190793
3896.333460489
3903.1605205838
3915.2929155899
3936.9643006331
3931.7640809625
3955.4325033809
3977.556047347
4002.4129727851
4007.1210027464
4021.0041798275
4027.9806072853
4051.5433195376
4057.4986507269
4077.5031796525
4097.2802116536
4121.967171465
4156.5167603348
4186.7932476912
4221.0581616143
4216.9665134429
4253.7302061078
