2700.3224603462
2868.9393295506
2984.8345492798
3076.7773907743
3097.533594379
3149.0834671121
3215.2718310214
3269.3969273314
3336.3521066331
3357.5671242083
3403.2455074384
3447.3417196913
3481.5572817919
3513.0228025814
3540.4943722873
3580.4753619464
3617.5357527258
3640.9048513955
3650.5870367767
3665.3127724369
3689.3842821807
3687.1840889244
3713.1784029729
3738.9965176248
3767.3176220206
3775.6138891195
3793.0269619745
3803.6668940167
3830.618758508
3839.965228291
3862.9817885428
3885.8503883875
3913.4826113576
3950.5647466535
3983.3291291123
4020.0134870318
4019.0381535314
4057.9551431439
