7815.4294510634
7884.5754027319
7953.7959976789
8029.0692698648
8044.5456710064
8082.3203683451
8122.6370014337
8157.2852214375
8207.0886192568
8202.8108916459
8226.1416954191
8251.4520178243
8268.7051534941
8283.9499852699
8294.8210382933
8315.268881666
8336.1655663171
8347.8891797691
8345.2100554215
8346.8982891632
8360.7563265222
8351.5402512289
8368.3708142012
8374.6814315999
8393.3919726866
8389.3812341347
8398.2903123015
8402.7546728604
8423.6293716341
8422.5408618794
8437.7324030664
8450.1376201058
8467.0492606683
8487.1403805937
8504.1617083742
8523.4754353642
8515.4744951027
8533.2149732272
