7.511865699914910692e+03
7.590469270776778103e+03
7.674982097302884540e+03
7.692463203806898491e+03
7.736567508637493120e+03
7.783440196364455005e+03
7.824261904439633327e+03
7.880493398105037159e+03
7.881353043825311943e+03
7.910337788448518040e+03
7.941052085689070736e+03
7.963364850339437908e+03
7.983604962850665288e+03
7.999241889160235587e+03
8.024450879360878389e+03
8.049869315114754500e+03
8.065841656509919630e+03
8.067014243135273318e+03
8.072475957571212348e+03
8.090123416654048924e+03
8.084229315310165475e+03
8.104749338520234232e+03
8.116487261496386054e+03
8.140080209734667733e+03
8.140477418472791214e+03
8.153885405708271719e+03
8.162678826559744266e+03
8.188067470602300091e+03
8.191068253415090112e+03
8.210275539098587615e+03
8.226809415975754746e+03
8.247789925238557771e+03
8.271926792153939459e+03
8.292736311393600772e+03
8.315852723381089163e+03
8.311180133150131951e+03
8.332499791032565554e+03
