5.415000000000000000e+02
5.750000000000000000e+02
6.090000000000000000e+02
6.430000000000000000e+02
6.770000000000000000e+02
7.103999999999999773e+02
7.446000000000000227e+02
7.782999999999999545e+02
8.120000000000000000e+02
8.457000000000000455e+02
8.800000000000000000e+02
9.136000000000000227e+02
9.473000000000000682e+02
9.814000000000000909e+02
1.014999999999999886e+03
1.068000000000000000e+03
1.127000000000000000e+03
1.189000000000000000e+03
1.254000000000000000e+03
1.323000000000000000e+03
1.395500000000000000e+03
1.473000000000000000e+03
1.553000000000000000e+03
1.638000000000000000e+03
1.728000000000000000e+03
