9749.0472783438
9712.6708142631
9654.5449968637
9614.2489851725
9604.9199923816
9579.418057035
9546.6228769487
9519.767805702
9491.2577362244
9469.0632316243
9443.7889499535
9420.596184307
9400.1335740267
9381.1868300124
9363.2719475122
9341.9023578388
9323.2001399796
9307.9830618802
9295.8516552232
9282.2465102079
9268.5917845663
9261.5029191069
9248.8941514692
9228.7068087767
9214.0018309602
9200.6319860637
9187.7449503458
9176.5117394073
9163.6884423124
9151.9021829488
9137.8075468768
9123.3290162698
9109.0148748919
9090.6992505912
9073.400535387
9055.540729452
9049.0447005577
9030.6327409005
