1.045528801944384213e+04
1.032265589974179420e+04
1.018931280353241345e+04
1.016107207899807872e+04
1.008898279185221872e+04
1.000890999165848734e+04
9.939339886353760448e+03
9.847770522734555925e+03
9.836705490989805185e+03
9.784128748702936718e+03
9.730304835264380017e+03
9.689951475277513964e+03
9.652168454445720272e+03
9.621088648535280299e+03
9.575456640069867717e+03
9.530163979808770819e+03
9.501474389049357342e+03
9.493828116338809195e+03
9.480306663243842195e+03
9.449454018381597052e+03
9.453790056507927147e+03
9.418150783437773498e+03
9.392620414347074984e+03
9.351639068781891183e+03
9.345800284841665416e+03
9.321410726218837226e+03
9.305250104885364635e+03
9.263490198212932228e+03
9.254041270137402535e+03
9.223649817172163239e+03
9.195188460978110015e+03
9.159167536679779005e+03
9.117139646840465502e+03
9.080783482110498881e+03
9.040108328285723474e+03
9.041803432703887665e+03
9.001250575963014853e+03
