1.085036249144233443e+04
1.069163015573759731e+04
1.052524716702873957e+04
1.049013472769544387e+04
1.040069253129794015e+04
1.030296641545247439e+04
1.021705429715757964e+04
1.010293702873377151e+04
1.009365446258159136e+04
1.002998735499693794e+04
9.964273965974656676e+03
9.915981457889522062e+03
9.869964421193810267e+03
9.832424437582809333e+03
9.777314114172486370e+03
9.721789204176879139e+03
9.687435015057420969e+03
9.679538810353993540e+03
9.664889242081531847e+03
9.627288962451129919e+03
9.633259097715063035e+03
9.588690942478606303e+03
9.559763947231458587e+03
9.507766694720754458e+03
9.503041774342913413e+03
9.473247545292551877e+03
9.454327871881829196e+03
9.401046470303930619e+03
9.389693000105615283e+03
9.354835170941600154e+03
9.319319308769501731e+03
9.272739938004482610e+03
9.223760801485237607e+03
9.184186118824543883e+03
9.135208800749916918e+03
9.139629358444590252e+03
9.087468125063336629e+03
