11663.497097797
11470.698362631
11290.317853886
11110.440097114
11072.44051553
10972.734938654
10864.023155228
10768.864396487
10648.243956079
10623.627514993
10550.366579475
10476.500853171
10418.971701287
10364.732506934
10318.783581699
10256.592829067
10195.515040371
10153.735840293
10136.587302133
10113.038196778
10070.115693229
10067.560258302
10019.706716677
9979.3858065684
9923.2103027619
9907.0576694802
9870.2292107004
9842.8591220118
9787.06477116
9767.8254794565
9725.7315753897
9685.696194639
9637.6695986196
9583.3635989259
9535.8616627523
9483.7576620759
9478.7963312184
9427.492931948
