1.131809120586579957e+04
1.113771871920987724e+04
1.095009792078960345e+04
1.091054254739287717e+04
1.080856874133306883e+04
1.069783153859316189e+04
1.060027792639595100e+04
1.047286073551623122e+04
1.045758974044652678e+04
1.038452535460865329e+04
1.030968096366435748e+04
1.025359761499578053e+04
1.020010001082660710e+04
1.015581199077619749e+04
1.009314138181049930e+04
1.003038768114461527e+04
9.990080636762655558e+03
9.977921549104374208e+03
9.958754544008186713e+03
9.915631419393777833e+03
9.918529158509993067e+03
9.868339389416003542e+03
9.832702550607418743e+03
9.773701516152643308e+03
9.764339996467862875e+03
9.728856778789318923e+03
9.704836146354755329e+03
9.645055479989394371e+03
9.629237707500793476e+03
9.589029940852644359e+03
9.548162250111790854e+03
9.495987440357623200e+03
9.441363032290817500e+03
9.396714864835175831e+03
9.342436771798245900e+03
9.343876134869422458e+03
9.286634605270461179e+03
