7074.4680778153
7168.8551242579
7255.229452001
7347.5076109402
7366.6823191973
7416.153629051
7468.6033977549
7514.7125133671
7576.4816816588
7581.7374115253
7615.610448069
7651.0159197758
7677.7238457727
7702.3252312662
7722.131640156
7751.518274362
7780.9227575704
7800.6337295821
7805.191584273
7813.9729438137
7834.9816311905
7832.0229032777
7855.8422494993
7872.3981097798
7900.3775229762
7904.6937407521
7922.1359057665
7934.8147084628
7964.3015366505
7970.9857791564
7993.8151297481
8014.0895561599
8038.7952333685
8066.6095004026
8090.8879537679
8117.5110346463
8115.7905288832
8140.479510986
