1.013430579415765642e+00
1.013244601649444077e+00
1.013064476872636011e+00
1.012889961334912048e+00
1.012703323403400857e+00
1.012539874278093777e+00
1.012364944869789785e+00
1.012195769281114321e+00
1.012024434827908381e+00
1.011866269686715780e+00
1.011705961166557088e+00
1.011550924867348877e+00
1.011387535023016815e+00
1.011236318573473625e+00
1.011083867175621043e+00
1.010936619424093408e+00
1.010791423249690402e+00
1.010645537421323681e+00
1.010507454994244325e+00
1.010368795980160606e+00
1.010234943990153011e+00
1.010100789678424427e+00
1.009966630318078984e+00
1.009841817887233262e+00
1.009716879142983359e+00
1.009587848777468322e+00
1.009467637152932529e+00
1.009347721032636924e+00
1.009228316130767800e+00
1.009116909337925749e+00
