2.219771391013591710e+03
2.249254553673085866e+03
2.251007955525574744e+03
2.258215520805517826e+03
2.257056755427533517e+03
2.257757087441913882e+03
2.260629685292281465e+03
2.267192366060988206e+03
2.262528614069170089e+03
2.269865539116899981e+03
2.269371078879478318e+03
2.270154902977883467e+03
2.268871976362496298e+03
2.280061305844904837e+03
2.257578247824243590e+03
2.263825318931433685e+03
2.239930910688969561e+03
2.243080554839904835e+03
2.227160664616589656e+03
2.218909464954954728e+03
2.236486303515028339e+03
2.230391278415844226e+03
2.236435622382848578e+03
2.226435846576002405e+03
2.250163529480375473e+03
2.261459199738635562e+03
2.273898599112311786e+03
2.268578793617970405e+03
2.236429562811559208e+03
2.238607990576291286e+03
