2.187117295148643734e+03
2.216952562297369695e+03
2.219150453238505179e+03
2.226768900054576534e+03
2.226082020025388374e+03
2.227186354256560662e+03
2.230486390895403019e+03
2.237448013440834984e+03
2.233224921826870741e+03
2.240931842744764253e+03
2.240834748805542404e+03
2.241999685202111777e+03
2.241128903162081770e+03
2.252664726892228373e+03
2.230633658117819778e+03
2.237227166313471116e+03
2.213774847550697814e+03
2.217273842805233926e+03
2.201738505117068144e+03
2.193865227982039414e+03
2.211705164014143975e+03
2.205968329964114218e+03
2.212327454866880544e+03
2.202666400223929486e+03
2.226633461892113701e+03
2.238211117087884759e+03
2.250914467460951528e+03
2.245898407366775245e+03
2.214132001738033978e+03
2.216584766493667757e+03
