1.656376380511936804e+04
1.632454055696164141e+04
1.610629329695945125e+04
1.596738997218394252e+04
1.575460508125525666e+04
1.554896197147181920e+04
1.611092850223105961e+04
1.595975018764972447e+04
1.576439458287304296e+04
1.588042499356534609e+04
1.558986656709104864e+04
1.555592690070828394e+04
1.544197326884744143e+04
1.530055526128448764e+04
1.520774793674051216e+04
1.517732159307782968e+04
1.508542783980337845e+04
1.501048452887954227e+04
1.495418571004525438e+04
1.488104886168006851e+04
1.477297419802203694e+04
1.466654496055519485e+04
1.456707685529001719e+04
1.443664092550933674e+04
1.441720527284417949e+04
1.434375201225757155e+04
1.427100955766003062e+04
1.420533327669359824e+04
1.415266594180553147e+04
1.409792450628111146e+04
1.403457341967939647e+04
1.397991467918513445e+04
1.393195555695203620e+04
1.392240931246113723e+04
1.390874280844733767e+04
1.385409023540273847e+04
1.385413135984270230e+04
1.380634130957647540e+04
1.377346778932497728e+04
1.369033012241416327e+04
1.370373768075716725e+04
1.367678453074105892e+04
1.364178888845724032e+04
1.362421195908658592e+04
1.359411015257372492e+04
1.352820735952397990e+04
1.352998217439505061e+04
1.350040540726815743e+04
1.346826669059708547e+04
1.342611634328416767e+04
1.339757798880825067e+04
1.335519634426096673e+04
1.332132729169555023e+04
1.327979003357349029e+04
1.323367778941986217e+04
1.322969535977491796e+04
1.319087058645984689e+04
1.315723624601394840e+04
