1.058681272653860833e+04
1.075836990354894806e+04
1.091963831801778724e+04
1.100676199006678326e+04
1.116154028898319666e+04
1.130907155617311219e+04
1.083610558132375081e+04
1.092877745416409562e+04
1.108595175975202255e+04
1.095836812676997943e+04
1.117637465573306872e+04
1.119067682923757820e+04
1.126087551444765450e+04
1.135672878545013191e+04
1.140572552028429345e+04
1.140874998758634138e+04
1.145529531071187739e+04
1.149922536603698063e+04
1.152620701565210038e+04
1.156531216456635411e+04
1.161936908614413733e+04
1.166857505294294242e+04
1.171573730466513007e+04
1.178864853839101124e+04
1.177290567893074513e+04
1.180080063936428451e+04
1.183083311000654430e+04
1.185689681760859821e+04
1.187331079115650027e+04
1.189189835907977795e+04
1.191799164454843049e+04
1.194015268929160629e+04
1.195534567227585285e+04
1.194255286907697155e+04
1.193321756348764211e+04
1.195835137879641661e+04
1.194139397793580974e+04
1.196291198164045636e+04
1.196379498716926355e+04
1.201403172909598652e+04
1.198705192256199734e+04
1.199031459613431070e+04
1.200251043758315791e+04
1.200253448777166523e+04
1.201205278581485254e+04
1.205206290217675269e+04
1.203402510593387706e+04
1.204325076613099736e+04
1.205516055771482752e+04
1.207431182324203473e+04
1.208417267529593482e+04
1.210242055265720046e+04
1.211514039374428285e+04
1.213408351039502122e+04
1.215669179860212535e+04
1.214815121116996670e+04
1.216397715580819204e+04
1.217669217678596397e+04
