1.564138881718957236e+04
1.543704384273514370e+04
1.525128329852798379e+04
1.513355259919657510e+04
1.495126049021133804e+04
1.477483056618755836e+04
1.527208194927720615e+04
1.514246541221675398e+04
1.497690880293234295e+04
1.508228342248929584e+04
1.483168568148684972e+04
1.480591870790060057e+04
1.470970264587800921e+04
1.458926688241335432e+04
1.451078594785226778e+04
1.448808359193454271e+04
1.441025782786942182e+04
1.434784403845768065e+04
1.430214102303839536e+04
1.424079026607683045e+04
1.415147187797316474e+04
1.406333407873638862e+04
1.398096219907218801e+04
1.387042675480509934e+04
1.385925438461421618e+04
1.379931110750742846e+04
1.373956948790977549e+04
1.368591900939319930e+04
1.364398074617656494e+04
1.359986394985202060e+04
1.354754840560179400e+04
1.350282551699621945e+04
1.346396873862321081e+04
1.346017746944927421e+04
1.345233026046044324e+04
1.340661113618346644e+04
1.341122974117914237e+04
1.337155732981687470e+04
1.334715066590796960e+04
1.327483200784951259e+04
1.329152428804747433e+04
1.327097929154674785e+04
1.324284290598709595e+04
1.323064564866283035e+04
1.320676926320507664e+04
1.314973869948543506e+04
1.315540882424759366e+04
1.313159958947973610e+04
1.310539919641418055e+04
1.306976495188638728e+04
1.304675029422996886e+04
1.301076892958053031e+04
1.298241509062825207e+04
1.294673248304689696e+04
1.290677896792624597e+04
1.290637133162564351e+04
1.287294406941752459e+04
1.284441399898561576e+04
