6.245362597238401577e+03
6.459280197951166883e+03
6.643865059007603122e+03
6.769784830600200621e+03
6.957646040917308710e+03
7.139863609481378262e+03
6.621866792027586598e+03
6.773286984685711104e+03
6.922908004308059390e+03
6.827316871490074845e+03
7.080538277193682006e+03
7.105374509257966565e+03
7.206031742178375680e+03
7.327851302754151220e+03
7.416438023651661752e+03
7.440533460245313108e+03
7.528859030830892152e+03
7.591784201038564788e+03
7.637092327377969923e+03
7.702682315999687489e+03
7.795321409325261811e+03
7.889986569800888901e+03
7.977368151171337558e+03
8.095143394765136691e+03
8.106024895876862502e+03
8.170584620231235931e+03
8.234330964933200448e+03
8.290980729879549472e+03
8.334095833602339553e+03
8.380504872665505900e+03
8.437306583255032820e+03
8.483584395314825088e+03
8.526034963711848832e+03
8.526020721786320792e+03
8.531907289041517288e+03
8.581148525276361397e+03
8.570263738097106398e+03
8.612003190202054611e+03
8.636355851965981856e+03
8.715908569146613445e+03
8.691508023810689338e+03
8.712211360443310696e+03
8.740686565726351546e+03
8.749570164194974495e+03
8.773361331761097972e+03
8.834725383977782258e+03
8.824842358201245588e+03
8.850100470270794176e+03
8.877521712906454923e+03
8.917466313135058954e+03
8.941487102678280280e+03
8.982758589620387284e+03
9.015589093120723192e+03
9.056733771807490484e+03
9.103070354024688640e+03
9.099152426061185906e+03
9.138354531751157992e+03
9.170749084594142914e+03
