1.165988652469307453e+04
1.171238364522064694e+04
1.177641956377562019e+04
1.179954884200629022e+04
1.185183194920935784e+04
1.190315060582591832e+04
1.173798857732477518e+04
1.173981951185165599e+04
1.182172144982518512e+04
1.175333648511578394e+04
1.183725610439334559e+04
1.183844687480650828e+04
1.185896764387672738e+04
1.189534468336383907e+04
1.190015867845017965e+04
1.189612909534365463e+04
1.190050411542786787e+04
1.191597670207888950e+04
1.192526427290507854e+04
1.193422428325496912e+04
1.194903229944965824e+04
1.195883946067810575e+04
1.197034639700789194e+04
1.199122051617240686e+04
1.197984889026559904e+04
1.198383070035924356e+04
1.198970518308650753e+04
1.199502706775090701e+04
1.199864338438205777e+04
1.200228743093634330e+04
1.200736557314696620e+04
1.201414019456403730e+04
1.201443116395595280e+04
1.201059287309991305e+04
1.200558814740171329e+04
1.201110416113060273e+04
1.200887008557838271e+04
1.201496528561218838e+04
1.201221394600560052e+04
1.202700497638808883e+04
1.202066180059968610e+04
1.201999259508690375e+04
1.202374432016006722e+04
1.202550741856667264e+04
1.202844016330639715e+04
1.204205564299687467e+04
1.203647004507035854e+04
1.203675405241022600e+04
1.203935526076049791e+04
1.204220620362739282e+04
1.204482134787476753e+04
1.204727573723918249e+04
1.204691035460969761e+04
1.204812432205248842e+04
1.205036955576510627e+04
1.205117915163400539e+04
1.205084297204928043e+04
1.205141230633610758e+04
