phot,f=2%,f=4%,f=6%,f=8%,f=10%,epsilon(f=2%),epsilon(f=4%),epsilon(f=6%),epsilon(f=8%),epsilon(f=10%)
656.63103427216,675.85294720629,695.93779923682,716.95972799002,738.9664537073,762.02600160657,1.0192767604755,1.0393113157906,1.060149246713,1.0818398643481,1.1044365996907
554.38347283787,572.29640124679,591.08307369082,610.81894940451,631.55653810953,653.36751252787,1.019120404177,1.0389862410613,1.0596419697072,1.0811356563967,1.1035193480269
554.27371985783,571.79334287638,590.1661425517,609.46600718115,629.74459403209,651.07222690297,1.0189597303744,1.0386522979165,1.0591210286927,1.0804127327506,1.1025780614672
626.03462217825,644.17076594447,663.1278030601,682.97488428704,703.75750933005,725.53967612266,1.018798138021,1.0383165559702,1.0585974604016,1.0796864211721,1.1016327132316
624.95042417543,642.82738229804,661.50878007221,681.06227478837,701.53197202949,722.98006016824,1.0186280753138,1.0379633345023,1.0580468273254,1.0789228433202,1.1006392378188
640.34938148505,658.09910322179,676.63226280823,696.0142578083,716.28701409865,737.51020346857,1.0184599785358,1.0376143165683,1.0575029417911,1.078168903015,1.0996586811841
695.47504116785,713.35198301037,731.97642324663,751.40998999768,771.69031142832,792.87242682924,1.0182858973289,1.0372529991964,1.0569400934325,1.0773889696306,1.0986447152256
661.92254957631,679.39401459904,697.60955320475,716.63027771807,736.49414978849,757.25599624477,1.0181088554805,1.0368856682159,1.0563680896607,1.0765966552583,1.0976150659311
647.99906542268,665.21762899463,683.16762473242,701.90877954257,721.47773269005,741.92774754978,1.0179357642475,1.036526662115,1.055809256103,1.0758228809989,1.096609911678
678.07680242848,695.26843058298,713.16586973535,731.82620095902,751.28322236051,771.58711556491,1.0177582132217,1.0361585374811,1.0552364406872,1.0750300519207,1.0955804157608
680.71481986243,697.68639149337,715.34946263108,733.75976836987,752.95003867304,772.96902521951,1.0175791721521,1.0357874582123,1.0546592450526,1.0742314721459,1.0945438728697
668.65343418687,685.36691911247,702.76056250063,720.8889557625,739.78392993601,759.49294730826,1.0174054203407,1.0354274707199,1.0540995105019,1.0734573495539,1.0935394774364
674.55829425189,691.11730121774,708.33922094138,726.27687769478,744.96037542304,764.43523211034,1.0172270823244,1.0350581136781,1.0535254206681,1.0726636788842,1.092510130175
678.29875960179,694.70993772192,711.76659781491,729.51968346546,747.99756110122,767.24359705826,1.0170508488885,1.0346932471094,1.0529585222229,1.0718802536338,1.0914944785961
696.79636251962,713.12166458948,730.07242118017,747.697639498,766.02373335144,785.09189718556,1.0168794784849,1.0343385742129,1.052407663551,1.0711192832239,1.0905083258166
709.9960680822,726.2344059995,743.07618210467,760.56815935577,778.73447843069,797.61374227805,1.0167019053463,1.0339711943838,1.0518372787211,1.070331638545,1.089488007707
727.73042932794,743.80458107615,760.46603166946,777.76030219689,795.71043290672,814.35368121163,1.0165321004181,1.0336200102397,1.0512922381549,1.0695792764799,1.0885137767083
722.57834292466,738.45223259772,754.90337156425,771.97626783088,789.69323244138,808.0905683816,1.0163651765098,1.0332749026933,1.0507568181416,1.0688404651796,1.0875574554383
724.03254903752,739.72914754672,755.98926019316,772.8561103072,790.35088487123,808.50848224956,1.0161903752788,1.0329136346723,1.0501965270949,1.0680676222076,1.0865574679907
729.98405528757,745.52674728323,761.61942535247,778.30408371615,795.60085198882,813.54334646477,1.0160284396089,1.0325790709059,1.0496778352261,1.0673524211279,1.0856324139859
739.27227556969,754.53846521789,770.33001205085,786.68669800652,803.62670102063,821.18132312081,1.0157350204857,1.0319731389855,1.048738875914,1.0660583714756,1.0839595216362
749.40049122418,764.38693128,779.87451092343,795.90089977311,812.48247137589,829.64828763687,1.0154408965056,1.0313661139473,1.0477988022689,1.0647636106994,1.0822868110991
759.15254133274,773.86874499641,789.06356407771,804.77273360335,821.01100186993,837.80544325518,1.0151614073055,1.0307896287295,1.0469065609003,1.0635354916703,1.0807012123649
765.05279087091,779.49373908037,794.39282878457,809.78406732524,825.68077241629,842.10828018294,1.0148833767797,1.0302164767845,1.0460199962594,1.0623159211657,1.0791276292091
771.34625831909,785.52994961245,800.15245736897,815.24620023965,830.82318056027,846.90707092661,1.01462100299,1.0296758973802,1.0451842882289,1.0611669797869,1.0776460685871
777.25541634244,791.17987404675,805.52472020712,820.32084867989,835.5790591239,851.32153294731,1.0143605838519,1.0291396298169,1.0443556990588,1.0600284669503,1.0761788079283
786.03175673797,799.70795747075,813.78681046773,828.29781710536,843.25071114444,858.66631398057,1.0141133782051,1.0286308342171,1.0435699736802,1.0589494400916,1.0747889923985
791.21191799736,804.64945826397,818.47366710863,832.71280785324,847.37564991999,862.48180245707,1.0138741234336,1.0281386459291,1.0428102805648,1.0579067082285,1.0734466486773
794.58132293897,807.78433252504,821.35908269665,835.33262937041,849.71288328639,864.51831789458,1.0136381529355,1.0276534478365,1.0420617479387,1.0568798187853,1.0721253932848
801.02973730622,814.00281090227,827.3327293068,841.04545221431,855.14805033771,869.657948942,1.013410173822,1.0271849019186,1.0413392546773,1.0558891447663,1.0708513867898
804.75324271567,817.50587809137,830.60207664143,844.06679213656,857.90635220839,872.13722869162,1.0131916976616,1.0267360897501,1.0406475124024,1.0549410894078,1.0696327870332
808.35576137495,820.90199205931,833.77952659291,847.01238542151,860.6062649823,874.57679230463,1.0129856238166,1.0263129375558,1.0399956072996,1.0540480377642,1.068485422865
811.5521788139,823.89146353867,836.55009726602,849.55121681862,862.8999184912,876.61098888669,1.0127793556489,1.025889563248,1.0393436397034,1.0531552938479,1.067338973014
814.04005776953,826.18395081147,838.63605611945,851.41871165639,864.53641144879,878.00322230291,1.0125818314668,1.0254843021419,1.0387198271063,1.0523014707771,1.0662429899016
816.26623774256,828.21953187795,840.4706382249,853.04109795059,865.93492919917,879.16547668931,1.0123911789018,1.0250932933036,1.0381181954922,1.0514783478993,1.0651868628557
818.91810484191,830.69067029529,842.75121481381,855.12056736159,867.80229877714,880.80910014166,1.012210722494,1.0247233347814,1.0375491725609,1.0507001462616,1.0641887779148
820.35589132223,831.95499975552,843.83272473965,856.00921687679,868.4876369579,881.28007949506,1.0120329830091,1.0243590784079,1.036989128155,1.0499345156058,1.0632071997134
822.49478848861,833.92198113441,845.61905586267,857.60556421111,869.88424201517,882.46667349223,1.0118620778555,1.0240089517791,1.0364510028602,1.0491991229373,1.062264746381
825.66359915859,836.85224665075,848.29869118597,860.02162149834,872.02327468039,884.31447579784,1.0116226865891,1.0235187239482,1.0356978701051,1.0481703531434,1.0609468998329
828.1119404614,839.12516902485,850.38781400126,861.91798400792,873.71758392885,885.79692229795,1.0114494767754,1.0231641712034,1.0351534065755,1.047426948367,1.0599950307472
828.42456318566,839.27114831739,850.35892554508,861.70542854103,873.31219768083,885.18905791202,1.01127695511,1.0228111505529,1.0346114897878,1.0466872919602,1.0590483164298
830.20952090263,840.87776029285,851.77905500566,862.9303757135,874.33290400751,885.99600957895,1.0110999170673,1.0224490163665,1.0340557839818,1.0459290957638,1.0580782399485
831.44780195599,841.94975307472,852.67695082614,863.64587927867,874.85740453852,886.32047381854,1.0109301429628,1.0221018624537,1.033523256893,1.04520279078,1.057149315597
832.51919756155,842.86213837637,853.42304908287,864.21788147961,875.24729422961,886.5197746053,1.010767276162,1.0217689445736,1.0330127431543,1.0445067542211,1.056259423847
832.83852030891,843.02360580224,853.41973769915,864.04232215964,874.89183374034,885.97632637,1.0106060394455,1.0214394667323,1.0325076736987,1.043818376089,1.0553796314746
833.65728754592,843.68156868497,853.90999899604,864.35749091029,875.02420714103,885.91788072412,1.0104419927497,1.0211043570539,1.0319941435007,1.0431187066976,1.0544857218204
834.91454580675,844.77842651109,854.8397929049,865.11314686533,875.59849904173,886.30313967841,1.0102805223319,1.0207746186053,1.0314890140421,1.0424307192274,1.0536070453912
835.49565845631,845.21139356641,855.11822388284,865.23044157771,875.54771024601,886.0770411222,1.0101261456983,1.0204594669507,1.0310063875119,1.0417735994871,1.0527680774767
836.91615614601,846.48206352966,856.23325683615,866.18347522815,876.33226270134,886.68629693101,1.0099743435584,1.0201496668271,1.0305321061291,1.0411280501698,1.0519441531308
838.89176740437,848.31051749534,857.90910180161,867.7005273936,877.68445159986,887.86725135281,1.0098252858446,1.0198455599995,1.0300666851064,1.0404947612199,1.0511361379335
841.08265763116,850.35785853182,859.80732718471,869.44405586209,879.26734376387,889.2833314802,1.0096791172632,1.0195474364665,1.0296105599751,1.0398743135512,1.0503447575864
844.9697083579,854.09630443389,863.39200731589,872.86912235829,882.52723929039,892.37196974234,1.0095323754898,1.0192482323684,1.0291529196436,1.0392519962895,1.0495512416353
848.69917145125,857.68784920426,866.84052946584,876.16955739855,885.67397747907,895.35956543274,1.0093924913963,1.0189630934952,1.0287169210776,1.0386592866649,1.0487957101534
854.58570684471,863.43057264338,872.4344669413,881.60954828354,890.95517065163,900.4763411854,1.0092557867564,1.0186845133945,1.0282910725589,1.0380805432156,1.0480581995919
860.24152938358,868.94403423954,877.8007222825,886.82318662059,896.01056647759,905.36830852117,1.009119219534,1.0184062900778,1.0278658889392,1.0375028688451,1.0473222662283
862.77943040391,871.35319025922,880.07691944603,888.96099694058,898.00496801418,907.21402116423,1.0089891774439,1.0181414314439,1.0274612402746,1.0369532477043,1.046622270696
863.86424675677,872.31081551931,880.90194359547,889.64870982411,898.55058475607,907.61142318707,1.0088596218945,1.0178776328662,1.0270583186475,1.0364061210044,1.0459256448881
865.17660398011,873.49484085808,881.95334091679,890.56305052571,899.3221082535,908.23566975773,1.008730974316,1.0176157513136,1.0266584311218,1.0358632609195,1.0452346415743
869.68823216982,877.24968536473,884.92552224573,892.72325909806,900.6423275888,908.68704355751,1.0079526640404,1.0160328318144,1.0242435944622,1.0325881438644,1.0410697767669
879.07863298664,885.53642159583,892.08475962022,898.70345913512,905.42035194796,912.22786338929,1.0068246654231,1.0137431230702,1.0207573198095,1.0278692567712,1.0350809912419
880.39084582181,886.75090434365,893.17259303834,899.68292552667,906.28812126148,912.970388805,1.0067131020322,1.0135169447004,1.0204133803208,1.0274043119754,1.0344916952534
881.67409789197,887.91742010907,894.24705332364,900.66318220627,907.13700462841,913.70477704666,1.0066087223921,1.0133053763298,1.0200917285028,1.0269695932523,1.0339408341785
882.63701627145,888.78850462593,895.02364064198,901.34470159975,907.71333412609,914.17281184503,1.0065131580905,1.0131117148598,1.0197973609692,1.026571832009,1.0334369099902
883.74786637713,889.82813269656,895.97529636998,902.17418571059,908.45874280132,914.83167496453,1.0064246741106,1.0129324349077,1.0195249046443,1.0262037480867,1.032970673907
