6.981185450267712440e+02
5.934085015835144077e+02
5.927134450164351165e+02
6.660301067676899720e+02
6.646606211571092899e+02
6.800408143988745451e+02
7.356865641783283536e+02
7.015360151146899170e+02
6.873206440735079923e+02
7.175854107795976233e+02
7.199922044718309735e+02
7.076043558661426687e+02
7.134063740914519940e+02
7.170505236878676669e+02
7.355745914694456360e+02
7.488032498842445648e+02
7.663722511352943911e+02
7.609749234858131786e+02
7.622362636812151777e+02
7.680252365992456589e+02
7.770114921356041577e+02
7.868132904309543392e+02
7.962284500278027508e+02
8.017656741837741947e+02
8.077080160582283952e+02
8.132459608297671139e+02
8.216497607033135182e+02
8.264646583575619161e+02
8.294665555378388717e+02
8.355383991524023486e+02
8.388932804369586620e+02
8.421436566483641855e+02
8.449787367265093962e+02
8.471208283947762538e+02
8.490010114975410715e+02
8.513176389414178402e+02
8.524323880091388901e+02
8.542407269256368636e+02
8.569432350827854634e+02
8.590397076470023876e+02
8.590196878213163245e+02
8.604364769994043627e+02
8.613295521784358471e+02
8.620663903438074840e+02
8.620489184605339688e+02
8.625193816707010228e+02
8.634226831676361371e+02
8.636759973493778944e+02
8.647581338712129764e+02
8.663973169898974902e+02
8.682560408179717797e+02
8.717924945110811450e+02
8.751947108059931679e+02
8.807306049933849863e+02
8.860367134212455085e+02
8.882599809537649662e+02
8.890300334565281446e+02
8.900222594701024263e+02
8.925933479375647721e+02
8.989843953089992965e+02
8.999827281032102064e+02
9.009722591487578711e+02
9.016722619316075225e+02
9.025590433020536238e+02
