4.844303777354896852e+02
4.079693605422152132e+02
4.144337077682802715e+02
4.823646192841923721e+02
4.879105802640948468e+02
5.074749278146662164e+02
5.632830893824714167e+02
5.382328561884808096e+02
5.306749120059795359e+02
5.633470555298503086e+02
5.701229610145519473e+02
5.630031620300624127e+02
5.726839537560923645e+02
5.802959319725075602e+02
6.016613310900753504e+02
6.185285600728285544e+02
6.387356556875056413e+02
6.366715292254187943e+02
6.412472795576106819e+02
6.498855348986420495e+02
6.640358978623472694e+02
6.788526949677020639e+02
6.929325778142203944e+02
7.029029700369449074e+02
7.129502970482093360e+02
7.224552485006752249e+02
7.346342048678567380e+02
7.429229158466555418e+02
7.492070715653387651e+02
7.585467819523072421e+02
7.648728227130918640e+02
7.708640118465615387e+02
7.763987245199555218e+02
7.810313683984659292e+02
7.852876165843624676e+02
7.898611890189145015e+02
7.930762904558852142e+02
7.969341031724974300e+02
8.024767688225020947e+02
8.066119091126867033e+02
8.084515774978706304e+02
8.118729428225890388e+02
8.146040985428371641e+02
8.170623777106200123e+02
8.187052698166442042e+02
8.208573035386468746e+02
8.234405287312895325e+02
8.251954405059658484e+02
8.278144038121881749e+02
8.309667226229499875e+02
8.343201845698589523e+02
8.394799037163558069e+02
8.444099869603371644e+02
8.516871950720039877e+02
8.587458122613078331e+02
8.624112412172202085e+02
8.645138963103704555e+02
8.668446739348300980e+02
8.770623931080301645e+02
8.944743012261335480e+02
8.965836686863904106e+02
8.986295719495274170e+02
9.003069315102196697e+02
9.019375854950606026e+02
