9.943871945018479819e-01
9.946662704388231635e-01
9.949172546404427830e-01
9.951410027368827738e-01
9.953516597889781048e-01
9.955395065813343880e-01
9.957164037217471897e-01
9.958808900886528814e-01
9.960289565746591744e-01
9.961696045384991205e-01
9.963014503639424646e-01
9.964210204234795754e-01
9.965361787957021100e-01
9.966432862387410996e-01
9.967417306173363967e-01
9.968383948430016295e-01
9.969262231240831884e-01
9.970085636909493676e-01
9.970909035325544734e-01
9.971639213115373046e-01
9.972889933205294488e-01
9.974060087251245266e-01
9.975103541206963298e-01
9.976082539785136039e-01
9.976957815197865509e-01
9.977784256976901522e-01
9.978533118098656951e-01
9.979227486503319255e-01
9.979885223373885506e-01
9.980496930631757024e-01
9.981062691592854641e-01
9.981579130443423153e-01
9.982080305570248946e-01
9.982546278186638089e-01
9.982983769474439439e-01
9.983387306096741520e-01
9.983775197985134131e-01
9.984139614146663178e-01
9.984636625841295521e-01
9.984986916492857301e-01
9.985328397128462319e-01
9.985671432873517439e-01
9.985993647320066113e-01
9.986296783948720446e-01
9.986591341686423817e-01
9.986885574580133262e-01
9.987170000995991836e-01
9.987437287834126654e-01
9.987695838317700581e-01
9.987945719024799995e-01
9.988187032442884528e-01
9.988425697175588036e-01
9.988649955379994561e-01
9.988866137931958766e-01
9.989079246447205573e-01
9.989279591615645160e-01
9.989476750565047247e-01
9.989670184193741864e-01
9.990793989474813230e-01
9.992299067785376243e-01
9.992441001213453466e-01
9.992572768175196352e-01
9.992692554964851537e-01
9.992802755459032626e-01
