7.620260016065749369e+02
6.533675125278692803e+02
6.510722269029711242e+02
7.255396761226551234e+02
7.229800601682434262e+02
7.375102034685720582e+02
7.928724268292386341e+02
7.572559962447655835e+02
7.419277475497754040e+02
7.715871155649090269e+02
7.729690252195053972e+02
7.594929473082601135e+02
7.644352321103386885e+02
7.672435970582647542e+02
7.850918971855636528e+02
7.976137422780471979e+02
8.143536812116325336e+02
8.080905683816031342e+02
8.085084822495591652e+02
8.135433464647734354e+02
8.211813231208120669e+02
8.296482876368748975e+02
8.378054432551796253e+02
8.421082801829404616e+02
8.469070709266057975e+02
8.513215329473133579e+02
8.586663139805716582e+02
8.624818024570712396e+02
8.645183178945803775e+02
8.696579489420041682e+02
8.721372286916162011e+02
8.745767923046265651e+02
8.766109888866945994e+02
8.780032223029144234e+02
8.791654766893142323e+02
8.808091001416551080e+02
8.812800794950615000e+02
8.824666734922326441e+02
8.843144757978427606e+02
8.857969222979544384e+02
8.851890579120170059e+02
8.859960095789487013e+02
8.863204738185359020e+02
8.865197746052988350e+02
8.859763263699970821e+02
8.859178807241186178e+02
8.863031396784126628e+02
8.860770411222018765e+02
8.866862969310052449e+02
8.878672513528140371e+02
8.892833314801951019e+02
8.923719697423448451e+02
8.953595654327406237e+02
9.004763411853966772e+02
9.053683085211705475e+02
9.072140211642265513e+02
9.076114231870712956e+02
9.082356697577287150e+02
9.086870435575100373e+02
9.122278633892922244e+02
9.129703888050011074e+02
9.137047770466643897e+02
9.141728118450265583e+02
9.148316749645335904e+02
