6.611153502589228310e+02
5.537686115085759866e+02
5.542719079522084940e+02
6.318488106302755796e+02
6.314769856532453787e+02
6.487197990245884966e+02
7.089642745281565794e+02
6.733677394326065269e+02
6.591216104073760107e+02
6.922465061469652028e+02
6.954095850836283716e+02
6.828472111823913338e+02
6.897661754390327360e+02
6.944600432007285917e+02
7.150343396588043561e+02
7.302185502844338316e+02
7.496245149971603041e+02
7.442375988959693132e+02
7.461775731569808841e+02
7.529583731246125353e+02
7.636933524022282427e+02
7.753329301961597366e+02
7.865303382519339266e+02
7.934519176281406772e+02
8.007921259690631359e+02
8.076883472016849055e+02
8.177003862028798267e+02
8.237338753022127094e+02
8.277550995355875330e+02
8.351648016018398266e+02
8.395457692684793756e+02
8.437602903458296169e+02
8.475368371083646934e+02
8.505006169986506848e+02
8.531719539083271684e+02
8.563032522439506238e+02
8.580768895850576428e+02
8.606092446654666901e+02
8.643467788514991526e+02
8.672112282410715807e+02
8.677197598102592337e+02
8.698594381358892633e+02
8.713697743466531165e+02
8.726747934348910576e+02
8.731659120301271741e+02
8.741864927168662689e+02
8.756899101031168584e+02
8.764153838626276638e+02
8.780654449390690388e+02
8.803031750723722553e+02
8.827845084017349109e+02
8.871278527226022561e+02
8.912942155653303189e+02
8.978854709904560423e+02
9.042440974537103102e+02
9.071617091674921767e+02
9.084830816891153518e+02
9.100515547332266806e+02
9.157310215572866809e+02
9.270730819985750486e+02
9.286151555331078953e+02
9.301377972259494982e+02
9.313296558001171661e+02
9.325201729838416895e+02
