1.388244508484626294e+03
1.503112509192106018e+03
1.501991069993380279e+03
1.416528979865661086e+03
1.417002144638912569e+03
1.398048935712492494e+03
1.333048390926072670e+03
1.371005603677422187e+03
1.385204116392868627e+03
1.348906443485953332e+03
1.346457755342478322e+03
1.359307988477276240e+03
1.351140579133214260e+03
1.344488624332895824e+03
1.321872696667281161e+03
1.303012705251904663e+03
1.283718824876323197e+03
1.289551380941000843e+03
1.286920755724341234e+03
1.279511626915641500e+03
1.266974349155569598e+03
1.253495136345095261e+03
1.240403418379942877e+03
1.232031272754063821e+03
1.223089411702793541e+03
1.214651131400734585e+03
1.203062649157815486e+03
1.195731418902723590e+03
1.190545276330001798e+03
1.181736580306735959e+03
1.176164602617601986e+03
1.170902863319334074e+03
1.166036553495231146e+03
1.162153991472125654e+03
1.158515457464703786e+03
1.154427185789175155e+03
1.151873695486971201e+03
1.148542102673677618e+03
1.143709466070341705e+03
1.140079743977340286e+03
1.138832344994122877e+03
1.135893199321946668e+03
1.133706459233274700e+03
1.131803770839101617e+03
1.130705740336690496e+03
1.129122098899482125e+03
1.127078113233870226e+03
1.126034436961909023e+03
1.124084940973935090e+03
1.121702417465564395e+03
1.119227539531975026e+03
1.114841055914417211e+03
1.110841933858130915e+03
1.104142442956424020e+03
1.097363231881254251e+03
1.093895721631543665e+03
1.091862431675805283e+03
1.089583466282628706e+03
1.079284939121238949e+03
1.061516918793303830e+03
1.059430985155929193e+03
1.057575178244118888e+03
1.054846393941488714e+03
1.052324142248983662e+03
