6.758529472062901959e+02
5.722964012467857629e+02
5.717933428763810753e+02
6.441707659444739420e+02
6.428273822980390833e+02
6.580991032217875727e+02
7.133519830103684853e+02
6.793940145990439987e+02
6.652176289946298766e+02
6.952684305829848199e+02
6.976863914933684327e+02
6.853669191124733970e+02
6.911173012177363262e+02
6.947099377219157077e+02
7.131216645894777457e+02
7.262344059995040197e+02
7.438045810761461780e+02
7.384522325977194441e+02
7.397291475467193322e+02
7.455267472832316571e+02
7.545384652178910301e+02
7.643869312800032958e+02
7.738687449964087364e+02
7.794937390803725066e+02
7.855299496124512189e+02
7.911798740467545485e+02
7.997079574707521488e+02
8.046494582639729742e+02
8.077843325250411226e+02
8.140028109022700846e+02
8.175058780913735745e+02
8.209019920593085544e+02
8.238914635386729515e+02
8.261839508114654791e+02
8.282195318779495210e+02
8.306906702952865089e+02
8.319549997555242271e+02
8.339219811344112259e+02
8.368522466507544095e+02
8.391251690248458317e+02
8.392711483173886791e+02
8.408777602928463466e+02
8.419497530747221390e+02
8.428621383763656922e+02
8.430236058022400130e+02
8.436815686849730582e+02
8.447784265110947217e+02
8.452113935664140172e+02
8.464820635296632645e+02
8.483105174953431060e+02
8.503578585318249452e+02
8.540963044338933514e+02
8.576878492042583275e+02
8.634305726433755126e+02
8.689440342395382686e+02
8.713531902592163760e+02
8.723108155193060611e+02
8.734948408580800105e+02
8.772496853647337502e+02
8.855364215958338718e+02
8.867509043436472211e+02
8.879174201090744418e+02
8.887885046259258388e+02
8.898281326965573044e+02
