9.725522089591052133e-01
9.738884401879484010e-01
9.750926637923280627e-01
9.761682081302943681e-01
9.771825519892944900e-01
9.780884777105323113e-01
9.789428204328333161e-01
9.797382912643591846e-01
9.804552353105752127e-01
9.811370331824490476e-01
9.817768487375901909e-01
9.823576682967899432e-01
9.829175758307433508e-01
9.834387960781357796e-01
9.839182478098059681e-01
9.843893925234153963e-01
9.848177826153050596e-01
9.852196760456928271e-01
9.856218276246340171e-01
9.859786689503813317e-01
9.865903808707611189e-01
9.871632374260805864e-01
9.876745149754884157e-01
9.881545946965966110e-01
9.885841262678182195e-01
9.889899669147295125e-01
9.893579397892210414e-01
9.896993315613260567e-01
9.900228866495096591e-01
9.903239503826379853e-01
9.906025309046301297e-01
9.908569345084189406e-01
9.911039188077596096e-01
9.913336431658467118e-01
9.915494036554103330e-01
9.917484850055072743e-01
9.919399083490695324e-01
9.921198002766176138e-01
9.923652312442513557e-01
9.925382676905366575e-01
9.927069985725054391e-01
9.928765440037252699e-01
9.930358406488294376e-01
9.931857428694355061e-01
9.933314374339685671e-01
9.934770054204380418e-01
9.936177541809966263e-01
9.937500504439930049e-01
9.938780493471081057e-01
9.940017811983146157e-01
9.941212942057722213e-01
9.942395180129668386e-01
9.943506259490181298e-01
9.944577516175943099e-01
9.945633720531887878e-01
9.946626830945836106e-01
9.947604302024878331e-01
9.948563452991235900e-01
9.954138826751510738e-01
9.961613583403745587e-01
9.962318938506513621e-01
9.962973841620730298e-01
9.963569261073174088e-01
9.964117080553600569e-01
