1.469367378204022771e+03
1.637850549203512173e+03
1.614830617477691703e+03
1.489330423411483480e+03
1.483287860510884457e+03
1.449012007581518219e+03
1.353826939222258034e+03
1.404362920177981778e+03
1.427489532616399401e+03
1.373866659226563570e+03
1.363945879637617963e+03
1.380995760927317178e+03
1.369454940534642446e+03
1.363102153201345345e+03
1.332245514442886815e+03
1.313529455039708182e+03
1.280329016803860668e+03
1.286017709780429186e+03
1.282261227746883606e+03
1.271412490849943651e+03
1.254995273257453164e+03
1.237377806648898286e+03
1.220513993475891311e+03
1.209757370842945420e+03
1.198802864087356056e+03
1.188290210883180634e+03
1.173422995313422234e+03
1.164428778848480761e+03
1.158301975200615288e+03
1.147441780404712063e+03
1.140704477299747623e+03
1.134368869391888438e+03
1.128656944917594274e+03
1.124239098329149556e+03
1.120090552791164100e+03
1.115366430481157295e+03
1.112736320357465729e+03
1.108708854046458555e+03
1.103116480778099003e+03
1.098481212073121242e+03
1.097622385163421541e+03
1.093883055749200821e+03
1.091649808869443632e+03
1.089501392778191530e+03
1.088543447215095739e+03
1.086738255380415012e+03
1.083893002643332466e+03
1.082916033632752487e+03
1.080289962766323242e+03
1.076613697823081111e+03
1.073464207924201901e+03
1.066856875731159107e+03
1.061227173873580114e+03
1.052244034550398055e+03
1.043293100733144684e+03
1.039049844399064796e+03
1.037384103161675966e+03
1.034941610827844215e+03
1.025811767884632445e+03
1.006651234868094434e+03
1.006153619950600500e+03
1.001633837228510515e+03
1.000094317373245758e+03
1.000672347306719189e+03
