1.641658897393538609e+03
1.837637259571645018e+03
1.810455406418443090e+03
1.663396703022956899e+03
1.655823409729695413e+03
1.615539850724156850e+03
1.504974579790263533e+03
1.562662237662881807e+03
1.588618382640793925e+03
1.526149772815510460e+03
1.514223338289544245e+03
1.533201548377549670e+03
1.519263152449767858e+03
1.511234742635258954e+03
1.475226597764223243e+03
1.453033672904835385e+03
1.414700173501093332e+03
1.420678197502911416e+03
1.415808190896816768e+03
1.402929334782032583e+03
1.383297313842568656e+03
1.362363609380801108e+03
1.342391829753153388e+03
1.329378207981846117e+03
1.316203305594121275e+03
1.303575711338100746e+03
1.286121621404290408e+03
1.275334723100929295e+03
1.267809435287814495e+03
1.255022424072271860e+03
1.246888901096587688e+03
1.239283896090403914e+03
1.232328817654337854e+03
1.226900388380358663e+03
1.221740502374890639e+03
1.215999052324390277e+03
1.212645318260596696e+03
1.207720904513487312e+03
1.200836153884665691e+03
1.195305796669265874e+03
1.193913147549907535e+03
1.189445301877589600e+03
1.186407222042218336e+03
1.183736377377786539e+03
1.182108651675783904e+03
1.179695265606794919e+03
1.176409579938475417e+03
1.174818429317325808e+03
1.171500771610212269e+03
1.167386053161023710e+03
1.163074048660117569e+03
1.155865180796245113e+03
1.149398474683205222e+03
1.138888864595011228e+03
1.129047228929924813e+03
1.124291294362866893e+03
1.121911511493656235e+03
1.118779521797064263e+03
1.107386368899509989e+03
1.083965082401605514e+03
1.083158627466107646e+03
1.078388419650466631e+03
1.076503429496056242e+03
1.076562956416560155e+03
