1.041659013614890883e+00
1.041655422588632307e+00
1.041650718069218051e+00
1.041644824355384191e+00
1.041637223339351381e+00
1.041628158199835230e+00
1.041616990673118526e+00
1.041603613635591952e+00
1.041588406095669495e+00
1.041570453799732343e+00
1.041549766639591423e+00
1.041527044234199062e+00
1.041500840983410114e+00
1.041471910423003688e+00
1.041440721803563285e+00
1.041405056129623086e+00
1.041367603356530225e+00
1.041327444057212226e+00
1.041281675687321773e+00
1.041235738444692416e+00
1.041143378896421501e+00
1.041038285828819632e+00
1.040926038811466503e+00
1.040801653478736988e+00
1.040671958681616882e+00
1.040530760101864516e+00
1.040384647636056092e+00
1.040231495821660745e+00
1.040068626171865906e+00
1.039899646070095551e+00
1.039726552989864494e+00
1.039552899017683663e+00
1.039368620385629827e+00
1.039182009339323809e+00
1.038992170561616302e+00
1.038803419619690471e+00
1.038608642483991540e+00
1.038412826708718262e+00
1.038124061361937134e+00
1.037904282042690696e+00
1.037676063787003944e+00
1.037431965964998648e+00
1.037188228132435164e+00
1.036945312913483130e+00
1.036695860503104027e+00
1.036432704102594027e+00
1.036164269182562325e+00
1.035898718847347189e+00
1.035628940778899665e+00
1.035355534348111561e+00
1.035079098685661725e+00
1.034793143066131238e+00
1.034512555298928937e+00
1.034230689722150265e+00
1.033941442664600308e+00
1.033658798273745072e+00
1.033370119840060442e+00
1.033076375473048092e+00
1.031144107613958028e+00
1.027849693448730894e+00
1.027491179792497489e+00
1.027150387249573305e+00
1.026833831930725305e+00
1.026536861965085867e+00
