6.835179655682032944e+02
5.734145399133306000e+02
5.727857957931181545e+02
6.505978790508626162e+02
6.493345352467372322e+02
6.659571720361024063e+02
7.259744711991534132e+02
6.894238341386138700e+02
6.744877764816026229e+02
7.072820630350529427e+02
7.099033590572955745e+02
6.967727006452762453e+02
7.032750169488899701e+02
7.075789709610758109e+02
7.278732381382768608e+02
7.427678405628190603e+02
7.618679386878213791e+02
7.561175852300872293e+02
7.577295548030216423e+02
7.642354364246762088e+02
7.744970862884059670e+02
7.856928974588894334e+02
7.964912369672339310e+02
8.030278059875106464e+02
8.100257150339684813e+02
8.165957297066039473e+02
8.263146391163101043e+02
8.320723877439651233e+02
8.358305138495003348e+02
8.429971130320401471e+02
8.471502855595947494e+02
8.511574474808769537e+02
8.547321155146780711e+02
8.575087698314831641e+02
8.600033094802173537e+02
8.629717074934983430e+02
8.645898242649607255e+02
8.669742791094225822e+02
8.705111220204120173e+02
8.732328844476278391e+02
8.736043744758114826e+02
8.756041851176732962e+02
8.769847574249256468e+02
8.781677907495621866e+02
8.785398585103854430e+02
8.794416501982649379e+02
8.808295857356540637e+02
8.814483254041549571e+02
8.829939377839046983e+02
8.851309756660041330e+02
8.875155202152651555e+02
8.917619897413908348e+02
8.958388955074835849e+02
9.023410112147801101e+02
9.086119414080106935e+02
9.114487907512236688e+02
9.126901089250294490e+02
9.141795008840158516e+02
9.194050924210550875e+02
9.301373140698788120e+02
9.316219066477505066e+02
9.330915673728678712e+02
9.342350369179187055e+02
9.353778890146546701e+02
