5.844923119602274255e+02
4.557560647243663539e+02
4.422780689118388295e+02
5.352536845537603085e+02
5.280306657313715277e+02
5.436725799798924754e+02
6.165927939498772048e+02
5.665921944367769356e+02
5.485071724259382790e+02
5.882191116411971734e+02
5.845496889398393705e+02
5.655387685983281472e+02
5.727362496652510799e+02
5.799469904895770469e+02
6.059539565247407609e+02
6.314072311711660177e+02
6.497644642123879066e+02
6.384270459874885546e+02
6.391465784534311751e+02
6.459996294568836674e+02
6.584793556091428854e+02
6.725094240985773695e+02
6.864410513390816959e+02
6.941362373785731279e+02
7.031486423633159575e+02
7.115730737298209760e+02
7.244518222556672526e+02
7.317422656887284802e+02
7.362515465386687765e+02
7.459117622284904883e+02
7.512514660312774595e+02
7.563031990089896226e+02
7.608787962983809621e+02
7.642153648207416836e+02
7.673343662206732461e+02
7.712245054806165854e+02
7.730298380476119746e+02
7.759408392381538988e+02
7.803257763875359387e+02
7.836213031284788713e+02
7.837081764496822416e+02
7.861114533164181921e+02
7.874675719921065138e+02
7.884128302567683022e+02
7.882846960773904357e+02
7.887904026199211103e+02
7.899942105924484395e+02
7.897377931556093245e+02
7.907976386489767719e+02
7.925316915594615921e+02
7.944049700028266443e+02
7.991861892922003108e+02
8.036508792902408231e+02
8.122829242165341839e+02
8.211604335316425249e+02
8.252118592145807270e+02
8.270228666188428406e+02
8.292264842901797692e+02
8.376741422426725876e+02
8.546845915543555066e+02
8.567905972933775729e+02
8.591274173748164458e+02
8.610415439190833240e+02
8.630377551769319098e+02
