9.888370445016921861e-01
9.893891363547409057e-01
9.898859165913967972e-01
9.903289968515952557e-01
9.907463337668072079e-01
9.911186284619627473e-01
9.914693493070536601e-01
9.917955751052065505e-01
9.920893267762137535e-01
9.923684409660860073e-01
9.926301584526577848e-01
9.928675676765755798e-01
9.930962708747368417e-01
9.933090321413694523e-01
9.935046249164367627e-01
9.936967181743292521e-01
9.938712845519895867e-01
9.940349713850820113e-01
9.941986836539974393e-01
9.943438838136502422e-01
9.945926460138335701e-01
9.948254402131875285e-01
9.950330741279228564e-01
9.952279215566579573e-01
9.954021574732919708e-01
9.955667003000678861e-01
9.957158204174456628e-01
9.958541093575961067e-01
9.959851205151786235e-01
9.961069787127730946e-01
9.962196971945810331e-01
9.963226001789258213e-01
9.964224719350237569e-01
9.965153376700198740e-01
9.966025350994826004e-01
9.966829716969350939e-01
9.967602959527018802e-01
9.968329458993383518e-01
9.969320385921602856e-01
9.970018843945662734e-01
9.970699782372632880e-01
9.971383868563055142e-01
9.972026475345331376e-01
9.972631072130607732e-01
9.973218593645545305e-01
9.973805501739652080e-01
9.974372881582360684e-01
9.974906100412019860e-01
9.975421917904995217e-01
9.975920464198630988e-01
9.976401941196073597e-01
9.976878156273288889e-01
9.977325646252662716e-01
9.977757040867816229e-01
9.978182319445654258e-01
9.978582144047541957e-01
9.978975625603691002e-01
9.979361687384271651e-01
9.981604913485631059e-01
9.984609987315197221e-01
9.984893421487772702e-01
9.985156560916708113e-01
9.985395781881819532e-01
9.985615863532830705e-01
