1.027956137713294194e+00
1.027252948842759084e+00
1.026583385116546010e+00
1.025954875817136180e+00
1.025334282279084519e+00
1.024755989817788926e+00
1.024188851064127270e+00
1.023640943158999450e+00
1.023130039057531082e+00
1.022628569505060980e+00
1.022143630927573543e+00
1.021690964657648193e+00
1.021243022905214071e+00
1.020815509067037885e+00
1.020413035662173229e+00
1.020008692607942358e+00
1.019633235436769647e+00
1.019274073338817033e+00
1.018907808649746727e+00
1.018576925543401401e+00
1.017996491911974166e+00
1.017437321965407815e+00
1.016925079759086969e+00
1.016432419335454140e+00
1.015981769834557014e+00
1.015547187875589508e+00
1.015145591784054391e+00
1.014766424940832135e+00
1.014401097618014669e+00
1.014055842826708131e+00
1.013731716291454532e+00
1.013431743999075652e+00
1.013136831837619711e+00
1.012859219456781812e+00
1.012595537030455128e+00
1.012349675911558888e+00
1.012110925625735236e+00
1.011884437887490718e+00
1.011572083672311440e+00
1.011349513702586966e+00
1.011130589922306644e+00
1.010908710669199850e+00
1.010698494733144326e+00
1.010499116215766824e+00
1.010303873944079056e+00
1.010107353808849417e+00
1.009915954933457538e+00
1.009734801424005290e+00
1.009558374003027614e+00
1.009386739739992489e+00
1.009219937121501820e+00
1.009053942977788054e+00
1.008897038263676604e+00
1.008744927064356700e+00
1.008594152849074721e+00
1.008451658544454066e+00
1.008310718755317081e+00
1.008171754337033876e+00
1.007350870316708669e+00
1.006215277995269997e+00
1.006106065546432227e+00
1.006004352274759928e+00
1.005911617469883890e+00
1.005826078505395182e+00
