6.051802094059199817e+02
5.115075659906098622e+02
5.142155365719380598e+02
5.882986453343841049e+02
5.904241643598373912e+02
6.085938066245910250e+02
6.669787962764183931e+02
6.357498563807073424e+02
6.243084689613320961e+02
6.571673537030253556e+02
6.615790060798821060e+02
6.511073153755430667e+02
6.590365351004656986e+02
6.648458631960396588e+02
6.856284799303668933e+02
7.014922647166077923e+02
7.209186149268465442e+02
7.166692146457487524e+02
7.194923819708876636e+02
7.268395016811757614e+02
7.386435556502312920e+02
7.512424238491632877e+02
7.632881238560651127e+02
7.711202100725289483e+02
7.792551912801925482e+02
7.869022173419004957e+02
7.974940513695294158e+02
8.041597972380243391e+02
8.088237048192726206e+02
8.167459984217417741e+02
8.216593518360904227e+02
8.263548576303846858e+02
8.306064948169212130e+02
8.340234872933339147e+02
8.371210398105954482e+02
8.406333235623230848e+02
8.427969331052942152e+02
8.456739899683763042e+02
8.498783510034746769e+02
8.530636245879242097e+02
8.539301337467941266e+02
8.563950730769986421e+02
8.582201188200855313e+02
8.598209411652125027e+02
8.606099547485702033e+02
8.619174871479228841e+02
8.636881759969128325e+02
8.646737155365568697e+02
8.665581435646219006e+02
8.690113139352417875e+02
8.716951385002724919e+02
8.762142829755737239e+02
8.805473006799902578e+02
8.872694366950373706e+02
8.937690503584283306e+02
8.968629614948264361e+02
8.983754340580185271e+02
9.001271090063322617e+02
9.069180533870513727e+02
9.196907754976946308e+02
9.213644002585841690e+02
9.230060727025702363e+02
9.243090723941583065e+02
9.256003985401716818e+02
