7.808636668267254208e+02
6.645569491299240781e+02
6.622363968055155965e+02
7.436089860900497115e+02
7.414457902628068950e+02
7.578482117883700084e+02
8.189922556101070086e+02
7.808128972703887030e+02
7.650264354371882973e+02
7.981675611350435702e+02
8.001010206787340167e+02
7.860632858867066943e+02
7.922205548254179348e+02
7.962084157054905518e+02
8.165016537046154781e+02
8.314092912855563782e+02
8.500541835048114763e+02
8.436330851357976144e+02
8.447153616056857572e+02
8.507800116515085165e+02
8.602344542648631887e+02
8.705788387162183426e+02
8.805157678775099157e+02
8.861282738115151005e+02
8.922428643509672384e+02
8.978892883354516243e+02
9.066972982687549347e+02
9.115581136478479038e+02
9.144142279116085774e+02
9.206722124973642849e+02
9.239342095180846854e+02
9.270921729589431379e+02
9.297993868941922528e+02
9.317448133502326755e+02
9.334122361499553335e+02
9.355831579185291957e+02
9.364292464464351724e+02
9.380308943988113697e+02
9.404659834758577972e+02
9.423607223485453233e+02
9.419430659874939238e+02
9.430802804107906923e+02
9.436488845264711927e+02
9.440454496354444700e+02
9.436277837302498028e+02
9.437144971653488028e+02
9.442784849726937182e+02
9.441301746340169530e+02
9.448902213736731710e+02
9.462478429561605253e+02
9.478657193182638139e+02
9.513088941274228318e+02
9.546364674055673731e+02
9.603468405757764685e+02
9.658268905168299625e+02
9.679452111556186082e+02
9.684658045309157615e+02
9.692240829063391629e+02
9.700152582343690710e+02
9.739425562307335440e+02
9.747509024889966440e+02
9.755510275137879717e+02
9.760997162099326943e+02
9.766716051570201671e+02
