8.418676966429617323e+02
7.452612914133904951e+02
7.488458767347383400e+02
8.158717760500255736e+02
8.163883039445929626e+02
8.316547513365080704e+02
8.812926703460899489e+02
8.525854488264927795e+02
8.397967031347209286e+02
8.668684089082612445e+02
8.711147797274554705e+02
8.610226470210369598e+02
8.664087672526354709e+02
8.690399979758290101e+02
8.850832672677721575e+02
8.945268898504776871e+02
9.115381153361745419e+02
9.081349288542206750e+02
9.096503656578214532e+02
9.150932907111553050e+02
9.230455925929303476e+02
9.315745894136196057e+02
9.396368250618181719e+02
9.446238476169544356e+02
9.497258420759768569e+02
9.544899065123679520e+02
9.615464033156939649e+02
9.657055653314872643e+02
9.683949566057226548e+02
9.734309350271086032e+02
9.762995754041270402e+02
9.791000281652584363e+02
9.815204350278605716e+02
9.834111705482317802e+02
9.850333876733063789e+02
9.869649692014759239e+02
9.879757429659408672e+02
9.895324722212217239e+02
9.918241212855116373e+02
9.936105450198962217e+02
9.936671463290913380e+02
9.948404063890858424e+02
9.956573548706160182e+02
9.963656444178515130e+02
9.964456704215640457e+02
9.969210068856426687e+02
9.977366789976072141e+02
9.981338186931809560e+02
9.991651523462153364e+02
1.000674737788309585e+03
1.002424446096550355e+03
1.005410092662306624e+03
1.008316015869703506e+03
1.012608275994475434e+03
1.016558481839902015e+03
1.018013250209115540e+03
1.018334108723539771e+03
1.018824048222843885e+03
1.018338400866958295e+03
1.018249327859654954e+03
1.018405439797365148e+03
1.018593683234536570e+03
1.018394752976159452e+03
1.018675587384332289e+03
