9.411894705723407029e-01
9.445934433735531099e-01
9.476137018047647853e-01
9.502731044418566420e-01
9.527481498186999298e-01
9.549314911432146280e-01
9.569669966350208279e-01
9.588416844577976050e-01
9.605143038891997831e-01
9.620899540833474095e-01
9.635552897790290450e-01
9.648743528250898205e-01
9.661358616106079378e-01
9.673013185301229111e-01
9.683658063867204291e-01
9.694047735828918988e-01
9.703433632552946886e-01
9.712186167982816976e-01
9.720893089498976458e-01
9.728576054057601619e-01
9.741652452994488121e-01
9.753790412771713436e-01
9.764535419863077381e-01
9.774548980651500685e-01
9.783445934026004931e-01
9.791798111632145085e-01
9.799325551169780768e-01
9.806270597800247346e-01
9.812818463515617928e-01
9.818881172729192475e-01
9.824465379231822615e-01
9.829543349531315588e-01
9.834453512016834154e-01
9.839003118819382721e-01
9.843260902973510751e-01
9.847176435776542336e-01
9.850929502140970406e-01
9.854445909486719835e-01
9.859226936375363737e-01
9.862586289613998192e-01
9.865852979622352636e-01
9.869126433564012757e-01
9.872193804835248665e-01
9.875073035642740749e-01
9.877864734266864621e-01
9.880647415201257999e-01
9.883331723671386904e-01
9.885849245332106738e-01
9.888279856378660027e-01
9.890624654481611211e-01
9.892885051934113827e-01
9.895116777963469668e-01
9.897210302988470598e-01
9.899225251943839510e-01
9.901208497902791450e-01
9.903070212471782874e-01
9.904899725207552130e-01
9.906692178853317987e-01
9.917057711263767006e-01
9.930814761933661750e-01
9.932104965488083304e-01
9.933301687391637991e-01
9.934388720190455713e-01
9.935388022272126918e-01
