1.060149246712999149e+00
1.059641969707156406e+00
1.059121028692720401e+00
1.058597460401620838e+00
1.058046827325433759e+00
1.057502941791119033e+00
1.056940093432456651e+00
1.056368089660724596e+00
1.055809256102997473e+00
1.055236440687245203e+00
1.054659245052600003e+00
1.054099510501854020e+00
1.053525420668124601e+00
1.052958522222866566e+00
1.052407663550980033e+00
1.051837278721106550e+00
1.051292238154865499e+00
1.050756818141578286e+00
1.050196527094949372e+00
1.049677835226054290e+00
1.048738875913958202e+00
1.047798802268903762e+00
1.046906560900288774e+00
1.046019996259434537e+00
1.045184288228898417e+00
1.044355699058842513e+00
1.043569973680247731e+00
1.042810280564839154e+00
1.042061747938708871e+00
1.041339254677330572e+00
1.040647512402437913e+00
1.039995607299635694e+00
1.039343639703421696e+00
1.038719827106273863e+00
1.038118195492195639e+00
1.037549172560859656e+00
1.036989128155001882e+00
1.036451002860190984e+00
1.035697870105084961e+00
1.035153406575546775e+00
1.034611489787840899e+00
1.034055783981846943e+00
1.033523256893028819e+00
1.033012743154319901e+00
1.032507673698660033e+00
1.031994143500712058e+00
1.031489014042110464e+00
1.031006387511866906e+00
1.030532106129104397e+00
1.030066685106350688e+00
1.029610559975070672e+00
1.029152919643599784e+00
1.028716921077594826e+00
1.028291072558863428e+00
1.027865888939249350e+00
1.027461240274635923e+00
1.027058318647488644e+00
1.026658431121800996e+00
1.024243594462238116e+00
1.020757319809460384e+00
1.020413380320789543e+00
1.020091728502799278e+00
1.019797360969210143e+00
1.019524904644266705e+00
