6.442796993544200879e-01
6.681879239526966607e-01
6.894731694705900082e-01
7.082168148948129183e-01
7.256191495576563844e-01
7.409047720616760424e-01
7.550744869616708987e-01
7.680355538443761620e-01
7.795123637083591905e-01
7.902366017377470131e-01
8.001244767586932483e-01
8.089475121299880556e-01
8.173106201196661535e-01
8.249670510801134782e-01
8.318977970147075629e-01
8.386017978061278688e-01
8.446041850239778270e-01
8.501534584284430318e-01
8.556260474559740370e-01
8.604141572963285300e-01
8.684720954094311551e-01
8.758446580240250023e-01
8.822816879990384997e-01
8.882023547151848275e-01
8.933977538360730053e-01
8.982179785407935491e-01
9.025139266069537314e-01
9.064361707856586348e-01
9.100972290886759630e-01
9.134546968393566502e-01
9.165193613138631346e-01
9.192828211369502567e-01
9.219336061830729623e-01
9.243708694119052716e-01
9.266352530908135154e-01
9.287034228359890564e-01
9.306729526918665618e-01
9.325068534503878626e-01
9.349824752234562331e-01
9.367096359353608293e-01
9.383793812787316613e-01
9.400428991108448207e-01
9.415928781353828381e-01
9.430400237539412478e-01
9.444359913992682598e-01
9.458204104170852000e-01
9.471492289881097149e-01
9.483895432004492143e-01
9.495815882497634641e-01
9.507264786475900786e-01
9.518254523613315365e-01
9.529059608905516843e-01
9.539154781691006058e-01
9.548833828841980509e-01
9.558325012637957085e-01
9.567202550947051520e-01
9.575896394496465902e-01
9.584385240001992434e-01
9.632919345100431352e-01
9.695904071493128829e-01
9.701730095794077746e-01
9.707121915203624773e-01
9.712009527711176204e-01
9.716494335474400446e-01
