8.889120805032995065e-01
8.950043350051732904e-01
9.004428349455444458e-01
9.052574612147984423e-01
9.097602927641141868e-01
9.137501350871506389e-01
9.174848672551140227e-01
9.209374502843628019e-01
9.240283993160567366e-01
9.269492648889982034e-01
9.296736046572112722e-01
9.321325922688208365e-01
9.344901575904405178e-01
9.366733354915574017e-01
9.386716845774928375e-01
9.406261049287542031e-01
9.423950942744060422e-01
9.440476204727840104e-01
9.456943267676514164e-01
9.471496946536568373e-01
9.496317421842613848e-01
9.519413330105638282e-01
9.539904460040110612e-01
9.559039461590684850e-01
9.576072196994046548e-01
9.592089007163742131e-01
9.606546704657883406e-01
9.619904758001623923e-01
9.632515557293231945e-01
9.644206436751001643e-01
9.654986932264154609e-01
9.664800399182016388e-01
9.674298891498140929e-01
9.683108098421323584e-01
9.691359410674678099e-01
9.698953570390058676e-01
9.706238127145778716e-01
9.713068228280637983e-01
9.722362264215150818e-01
9.728897893857840762e-01
9.735257402309430708e-01
9.741634192594056385e-01
9.747613268457350211e-01
9.753228907631552591e-01
9.758676874934473222e-01
9.764110235712049057e-01
9.769354350381146412e-01
9.774275156784250074e-01
9.779028410528516346e-01
9.783616016261821313e-01
9.788040506878009639e-01
9.792410818152155194e-01
9.796512250389742826e-01
9.800461349609735917e-01
9.804349852996385728e-01
9.808001462686323224e-01
9.811591223061126854e-01
9.815109530393612003e-01
9.835479989151800773e-01
9.862580265571471161e-01
9.865125660767861682e-01
9.867487212714375344e-01
9.869632796288979604e-01
9.871605625987663890e-01
