6.356485893913577456e+02
5.355147453327547282e+02
5.366167691979173924e+02
6.116766968008446383e+02
6.122731521203128295e+02
6.296028712702295707e+02
6.882331563609067189e+02
6.549646176149392431e+02
6.421404305243517001e+02
6.747567992283487683e+02
6.783852790713806371e+02
6.668855630873604241e+02
6.741935634463347924e+02
6.793759750435280012e+02
6.998629263470501201e+02
7.152874514272377837e+02
7.344840351644065777e+02
7.296660759466000172e+02
7.320112807910339825e+02
7.390065804075973119e+02
7.501847789084248461e+02
7.622175782461271183e+02
7.737659367089700027e+02
7.811030680692221040e+02
7.888065939372079356e+02
7.960501395143371610e+02
8.063077001254637253e+02
8.126407531382495790e+02
8.169809318546716668e+02
8.246272020286937732e+02
8.292720267367715223e+02
8.337260443738169897e+02
8.377429921332391132e+02
8.409409152549951614e+02
8.438338966251235433e+02
8.471618239473955327e+02
8.491440454360122203e+02
8.518566947141036962e+02
8.558395874537217196e+02
8.588717167898885236e+02
8.595795277115403223e+02
8.618937469986320821e+02
8.635763912484551383e+02
8.650441892372739403e+02
8.657021236155859469e+02
8.668820392695453165e+02
8.685323019551605057e+02
8.694038052977637108e+02
8.711822363729471590e+02
8.735362113891919762e+02
8.761262091833143586e+02
8.805582207418449343e+02
8.848098434670603183e+02
8.914596109003136917e+02
8.978850996337328070e+02
9.009000574372594201e+02
9.023310688833773838e+02
9.040039660714871843e+02
9.103340385010483260e+02
9.225183695722449784e+02
9.241386114355875634e+02
9.257307108523349370e+02
9.269888556716621224e+02
9.282385193444264360e+02
