9.230935961915801569e-01
9.274642433223742044e-01
9.313503690735792651e-01
9.347785591701188723e-01
9.379744733781119059e-01
9.407980362565765420e-01
9.434340628909647641e-01
9.458649484456699286e-01
9.480363455330054201e-01
9.500840441617779408e-01
9.519902863970862716e-01
9.537078180422384754e-01
9.553518063426849061e-01
9.568718360643146958e-01
9.582611996059900994e-01
9.596181949266141542e-01
9.608448873180758243e-01
9.619894874337047153e-01
9.631287790126371595e-01
9.641346311988412410e-01
9.658477652622691201e-01
9.674392804082136976e-01
9.688492194913980171e-01
9.701640820190330361e-01
9.713330559746914394e-01
9.724310782649578933e-01
9.734211963768842901e-01
9.743351475860394517e-01
9.751972159055769529e-01
9.759957437841730865e-01
9.767315312878483979e-01
9.774008524334432124e-01
9.780482693289616059e-01
9.786483342254049811e-01
9.792100735361681796e-01
9.797267988618278967e-01
9.802222097831055914e-01
9.806864932584264949e-01
9.813179226223204266e-01
9.817617116411209155e-01
9.821933542289311703e-01
9.826259844513963726e-01
9.830314634448477085e-01
9.834121470864155556e-01
9.837813269640761638e-01
9.841493824299449855e-01
9.845044909644365960e-01
9.848375927160588628e-01
9.851592478797981389e-01
9.854695961928663372e-01
9.857688193279749989e-01
9.860642911275847577e-01
9.863415054798155834e-01
9.866083515899520817e-01
9.868710340602449005e-01
9.871176511053225688e-01
9.873600321725519713e-01
9.875975320868313201e-01
9.889715190814948320e-01
9.907965264065680122e-01
9.909677701819751272e-01
9.911266196338881507e-01
9.912709202270201247e-01
9.914035840160209112e-01
