6.671350141955745130e+02
5.590205380601175875e+02
5.592041619837395956e+02
6.368333481951982549e+02
6.362103555441756271e+02
6.532771459296649255e+02
7.134522807752397284e+02
6.775925541118166393e+02
6.631559257441743966e+02
6.961865684530499720e+02
6.991998569514379369e+02
6.864820023981810664e+02
6.932861765087671984e+02
6.978730854458881367e+02
7.183697726680371716e+02
7.334744472256015797e+02
7.527964779534546551e+02
7.473112134178671795e+02
7.491624182945910206e+02
7.558687872643022274e+02
7.664760917638346882e+02
7.779963860654604559e+02
7.890869071889294446e+02
7.959057619353337714e+02
8.031549061846554878e+02
8.099645837296166064e+02
8.198990073153833009e+02
8.258597026239433490e+02
8.298116420769607657e+02
8.371574352102894636e+02
8.414786565790200257e+02
8.456388877141617968e+02
8.493626758536710213e+02
8.522776373920404467e+02
8.549029206215142267e+02
8.579918483239134730e+02
8.597250955810764026e+02
8.622190782885397766e+02
8.659046246334289663e+02
8.687321590550301380e+02
8.692053031962299201e+02
8.713088872679409178e+02
8.727857850440168477e+02
8.740594043434857667e+02
8.745199127325741983e+02
8.755099756232453956e+02
8.769837504568611166e+02
8.776818613058790106e+02
8.793051539494056215e+02
8.815170933432758602e+02
8.839736583127199765e+02
8.882922181719932269e+02
8.924357150976725279e+02
8.990041955387883945e+02
9.053404476322413075e+02
9.082374849109786510e+02
9.095385068198513636e+02
9.110868728955390452e+02
9.166512859066777992e+02
9.278393852786282423e+02
9.293672545342967624e+02
9.308761995636682514e+02
9.320559214106572199e+02
9.332349508898163322e+02
