6.844251925147704014e+02
5.798373253167454777e+02
5.787667768964998913e+02
6.509984275553382531e+02
6.491876019457665734e+02
6.640801711040867303e+02
7.190544349172656666e+02
6.846611493392939565e+02
6.701301384771651328e+02
6.999131479279441237e+02
7.020267518011991115e+02
6.894148642941910339e+02
6.949110341344377275e+02
6.982659692000847826e+02
7.164742551761804634e+02
7.293826639022116751e+02
7.467601587861638563e+02
7.412152357445522739e+02
7.423061433962096771e+02
7.479424587770732842e+02
7.566795046679563939e+02
7.662743166255703500e+02
7.755330328558241035e+02
7.809513214812602655e+02
7.868065189670093105e+02
7.922889774165664676e+02
8.006692952364779785e+02
8.054765199072555788e+02
8.084871745754895755e+02
8.145935502396062020e+02
8.179954863885008081e+02
8.213018874387855703e+02
8.242067219202953083e+02
8.264227472325469535e+02
8.283887429858527867e+02
8.307976878635381581e+02
8.320038299211018966e+02
8.339181769785319602e+02
8.367794119158444346e+02
8.390059384978387698e+02
8.391077212017705733e+02
8.406722833818047320e+02
8.417060900527407057e+02
8.425840475811962733e+02
8.427134836721528472e+02
8.433410078196867516e+02
8.444100601584514152e+02
8.448177611063423456e+02
8.460657661342186202e+02
8.478736575964207987e+02
8.499021115038196967e+02
8.536236653298168449e+02
8.571999876750835483e+02
8.629298835717280554e+02
8.684315621887428733e+02
8.708298620138110664e+02
8.717768317973994954e+02
8.729518765221433796e+02
8.766688216012008752e+02
8.849572652018799772e+02
8.861616718752740098e+02
8.873449960199453699e+02
8.882189262811035633e+02
8.892536410425311715e+02
