6.263470985224950027e+02
5.281525268058251186e+02
5.295977502715043101e+02
6.040518614246482230e+02
6.049961386774826906e+02
6.224429200198944727e+02
6.807436393220234550e+02
6.481313235093821277e+02
6.357095344511343455e+02
6.682598649352389657e+02
6.720848364076825874e+02
6.609064970014566143e+02
6.683602696979651228e+02
6.737008906357866636e+02
6.942053747742704672e+02
7.097072343666966390e+02
7.289157631480413784e+02
7.242869088682768961e+02
7.267735138124509149e+02
7.338600910496984397e+02
7.452090018804647116e+02
7.573974815803242109e+02
7.690856211234331568e+02
7.765770026088025588e+02
7.844156691848569380e+02
7.917892381655855161e+02
8.021485702253139607e+02
8.085936412678406668e+02
8.130488588286021923e+02
8.207877307899735797e+02
8.255298743857774753e+02
8.300724793125491487e+02
8.341775267687312407e+02
8.374598739688821070e+02
8.404330470391796553e+02
8.438330377479319395e+02
8.458890235453209243e+02
8.486681272580343602e+02
8.527412411737378761e+02
8.558364266196826975e+02
8.566133986787071990e+02
8.589920056158995294e+02
8.607366801103299849e+02
8.622631406343117533e+02
8.629804338287083283e+02
8.642180053914927385e+02
8.659226321545698966e+02
8.668467872805507568e+02
8.686736332602640687e+02
8.710726368018617904e+02
8.737052706910831148e+02
8.781751995328157818e+02
8.824624424432770411e+02
8.891413923909352661e+02
8.955972457772576263e+02
8.986484790285409190e+02
9.001188147134131441e+02
9.018297838270239026e+02
9.083900457637073487e+02
9.208787021169895297e+02
9.225271411558155705e+02
9.241452011709005774e+02
9.254276721268884103e+02
9.266993759619035700e+02
