9.837690883669117925e-01
9.845457854260781794e-01
9.852467952610196589e-01
9.858737491760869442e-01
9.864657769431937062e-01
9.869951498051280359e-01
9.874949277557233396e-01
9.879607507401482192e-01
9.883809941920409514e-01
9.887809972273460257e-01
9.891566934095638031e-01
9.894980218887640122e-01
9.898273109218871380e-01
9.901340701352399076e-01
9.904164383301060637e-01
9.906940945783522245e-01
9.909467111539431716e-01
9.911838397225372077e-01
9.914212542231103376e-01
9.916320321293911055e-01
9.919936052757498679e-01
9.923324999894346243e-01
9.926352036922465594e-01
9.929196435353958572e-01
9.931743059625158798e-01
9.934150726879236171e-01
9.936335014595010229e-01
9.938362607485988764e-01
9.940285240432388258e-01
9.942075083070222030e-01
9.943732002615598420e-01
9.945245749890523346e-01
9.946715924596833958e-01
9.948083868726722567e-01
9.949369110473177402e-01
9.950555384496811984e-01
9.951696377225269785e-01
9.952768950242518731e-01
9.954232779834909506e-01
9.955265166920524988e-01
9.956272138300609198e-01
9.957284242164101684e-01
9.958235413695869509e-01
9.959130709882014765e-01
9.960001079560333315e-01
9.960870893685543903e-01
9.961712101974539157e-01
9.962502963132877642e-01
9.963268292030043050e-01
9.964008254136116349e-01
9.964723122662759724e-01
9.965430411666719168e-01
9.966095248305942844e-01
9.966736365363507710e-01
9.967368578599065110e-01
9.967963120056363424e-01
9.968548387840843183e-01
9.969122771910139402e-01
9.972463223975086555e-01
9.976945993037673599e-01
9.977369254260498588e-01
9.977762277331276852e-01
9.978119633028217361e-01
9.978448445593314231e-01
