6.959377992368231389e+02
5.910830736908234257e+02
5.901661425516957706e+02
6.631278030601040427e+02
6.615087800722063776e+02
6.766322628082299389e+02
7.319764232466275189e+02
6.976095532047477263e+02
6.831676247324170390e+02
7.131658697353549314e+02
7.153494626310763351e+02
7.027605625006261789e+02
7.083392209413785849e+02
7.117665978149112789e+02
7.300724211801723413e+02
7.430761821046738760e+02
7.604660316694599942e+02
7.549033715642527795e+02
7.559892601931572926e+02
7.616194253524665783e+02
7.703300120508461077e+02
7.798745109234283746e+02
7.890635640777077242e+02
7.943928287845735667e+02
8.001524573689744102e+02
8.055247202071180936e+02
8.137868104677314705e+02
8.184736671086322986e+02
8.213590826966487839e+02
8.273327293067956134e+02
8.306020766414289938e+02
8.337795265929148627e+02
8.365500972660199750e+02
8.386360561194461525e+02
8.404706382248994032e+02
8.427512148138083603e+02
8.438327247396459825e+02
8.456190558626675511e+02
8.482986911859668453e+02
8.503878140012633366e+02
8.503589255450805240e+02
8.517790550056636221e+02
8.526769508261367037e+02
8.534230490828687152e+02
8.534197376991459123e+02
8.539099989960385528e+02
8.548397929049044706e+02
8.551182238828447453e+02
8.562332568361474614e+02
8.579091018016126782e+02
8.598073271847139267e+02
8.633920073158884634e+02
8.668405294658398361e+02
8.724344669412964777e+02
8.778007222824957125e+02
8.800769194460267499e+02
8.809019435954689925e+02
8.819533409167856917e+02
8.849255222457275067e+02
8.920847596202153227e+02
8.931725930383382774e+02
8.942470533236379424e+02
8.950236406419786590e+02
8.959752963699774000e+02
