1.086479849232766970e+00
1.086353378235745515e+00
1.086209631768920492e+00
1.086051267479456461e+00
1.085869947491252763e+00
1.085676214892139946e+00
1.085460631459357783e+00
1.085226013827611302e+00
1.084981861401830727e+00
1.084716445450964128e+00
1.084433635943045093e+00
1.084144786755582457e+00
1.083833726389406005e+00
1.083511965401756649e+00
1.083185510815157571e+00
1.082833246228769974e+00
1.082483178990752526e+00
1.082126556842788245e+00
1.081739922598405679e+00
1.081369791547356352e+00
1.080670074728416363e+00
1.079931420161546862e+00
1.079195277101008488e+00
1.078430146855842597e+00
1.077678298569791027e+00
1.076903627085686432e+00
1.076142222715232633e+00
1.075381291432671471e+00
1.074607785166646901e+00
1.073838865481375082e+00
1.073082159138806002e+00
1.072350689907966892e+00
1.071601373674332613e+00
1.070867794097202674e+00
1.070144918086055386e+00
1.069447341962880493e+00
1.068747612110677592e+00
1.068062983344675754e+00
1.067084623533502308e+00
1.066362692039321436e+00
1.065631954538496240e+00
1.064870022050055098e+00
1.064127918976041087e+00
1.063405532547337495e+00
1.062680313909492913e+00
1.061932226443726091e+00
1.061185857164729240e+00
1.060463017511149353e+00
1.059743448816672817e+00
1.059028456970400267e+00
1.058319252045754721e+00
1.057599270277858272e+00
1.056905518896964269e+00
1.056220582461590007e+00
1.055529512396893965e+00
1.054865162569517123e+00
1.054197226934634912e+00
1.053528015233913706e+00
1.049355191539034671e+00
1.042947178226910854e+00
1.042291578327557033e+00
1.041674810707655441e+00
1.041107302541265378e+00
1.040579460564657222e+00
