6.566310342721592406e+02
5.543834728378716363e+02
5.542737198578340667e+02
6.260346221782508565e+02
6.249504241754300438e+02
6.403493814850502304e+02
6.954750411678478486e+02
6.619225495763103027e+02
6.479990654226775177e+02
6.780768024284844842e+02
6.807148198624269071e+02
6.686534341868721185e+02
6.745582942518924483e+02
6.782987596017919714e+02
6.967963625196249495e+02
7.099960680821970982e+02
7.277304293279440799e+02
7.225783429246623655e+02
7.240325490375232675e+02
7.299840552875691628e+02
7.392722755696912600e+02
7.494004912241836109e+02
7.591525413327415208e+02
7.650527908709126450e+02
7.713462583190944315e+02
7.772554163424372291e+02
7.860317567379704542e+02
7.912119179973586824e+02
7.945813229389697199e+02
8.010297373062247743e+02
8.047532427156722861e+02
8.083557613749459279e+02
8.115521788139012642e+02
8.140400577695272659e+02
8.162662377425577915e+02
8.189181048419147828e+02
8.203558913222331057e+02
8.224947884886146312e+02
8.256635991585881129e+02
8.281119404613956476e+02
8.284245631856590535e+02
8.302095209026250586e+02
8.314478019559867334e+02
8.325191975615542788e+02
8.328385203089094375e+02
8.336572875459191891e+02
8.349145458067530399e+02
8.354956584563088882e+02
8.369161561460058465e+02
8.388917674043705119e+02
8.410826576311646932e+02
8.449697083579010268e+02
8.486991714512504359e+02
8.545857068447127176e+02
8.602415293835763350e+02
8.627794304039149438e+02
8.638642467567736958e+02
8.651766039801111674e+02
8.696882321698185478e+02
8.790786329866407414e+02
8.803908458218101032e+02
8.816740978919713143e+02
8.826370162714480330e+02
8.837478663771270249e+02
