7.059830074857745830e-01
7.189353504344796475e-01
7.307501608990668585e-01
7.414145131640295094e-01
7.515673108729739038e-01
7.607118009915677659e-01
7.694009274014930178e-01
7.775473094549413267e-01
7.849349720210347936e-01
7.919997606688718994e-01
7.986637452547373783e-01
8.047414365778703393e-01
8.106252372592441802e-01
8.161240979587409683e-01
8.212003710514843569e-01
8.262052604232039688e-01
8.307699797785209617e-01
8.350642789187445736e-01
8.393726822743965421e-01
8.432050003051578813e-01
8.497945160954356592e-01
8.559878044129007879e-01
8.615330575881179342e-01
8.667547169878743185e-01
8.714383816124758875e-01
8.758736891583470685e-01
8.799033197029438869e-01
8.836486475009127650e-01
8.872041867738084120e-01
8.905176123438787172e-01
8.935878391271872001e-01
8.963951129192050393e-01
8.991236593565657964e-01
9.016642633199491996e-01
9.040528024155689568e-01
9.062587048111453436e-01
9.083815482324857360e-01
9.103780974278858906e-01
9.131044909809182819e-01
9.150283674562357250e-01
9.169057027920348713e-01
9.187934141275210242e-01
9.205682081611983314e-01
9.222393845182057515e-01
9.238646237519853033e-01
9.254894049259103639e-01
9.270613005490575542e-01
9.285396084575257003e-01
9.299706444675193140e-01
9.313546743788457816e-01
9.326921679636324125e-01
9.340158684557320345e-01
9.352604731158427054e-01
9.364610016134904402e-01
9.376451756614195832e-01
9.387590799117857543e-01
9.398558890674595379e-01
9.409325751670333249e-01
9.471998738705673659e-01
9.556271628426034059e-01
9.564240029007715638e-01
9.571641113131564849e-01
9.578372214685032526e-01
9.584567127185068536e-01
