8.545483132729103648e-01
8.636846860088162048e-01
8.717505500758794268e-01
8.788169847760947118e-01
8.853602841269135881e-01
8.911034077941994980e-01
8.964313032469624076e-01
9.013142706139951610e-01
9.056503632211219124e-01
9.097164303348280745e-01
9.134808441145555458e-01
9.168549101616156882e-01
9.200683493705734683e-01
9.230250680190021928e-01
9.257152045503679316e-01
9.283309687086095385e-01
9.306854053747163347e-01
9.328734186498619518e-01
9.350426391772300727e-01
9.369505033932243876e-01
9.401838835797454719e-01
9.431692369186855940e-01
9.457987816790329738e-01
9.482378690964481383e-01
9.503954913668262172e-01
9.524127117208661675e-01
9.542237406199567396e-01
9.558886690173661327e-01
9.574530463841212091e-01
9.588968351944341384e-01
9.602226454478882678e-01
9.614248768375459608e-01
9.625842813019467314e-01
9.636558084677732117e-01
9.646561979499450601e-01
9.655741049843402646e-01
9.664520536350270641e-01
9.672729693274172424e-01
9.683865053188166483e-01
9.691671155969440177e-01
9.699247564424656742e-01
9.706825391327418284e-01
9.713913144772383657e-01
9.720554681596655922e-01
9.726983665339576923e-01
9.733381434003864907e-01
9.739543129404034660e-01
9.745313126676208304e-01
9.750875797327397398e-01
9.756234500670912801e-01
9.761393272590399572e-01
9.766479823979358210e-01
9.771245260704293223e-01
9.775826238793073886e-01
9.780329782957400964e-01
9.784552523530490875e-01
9.788697672855195542e-01
9.792754488917625455e-01
9.816130259503466071e-01
9.846936552689035116e-01
9.849813323150921063e-01
9.852479805200914376e-01
9.854900348852713154e-01
9.857124259191898386e-01
