8.276197125055034798e-01
8.364549087502283209e-01
8.443988635894326134e-01
8.514767486271297425e-01
8.581350553232974798e-01
8.640663951804528065e-01
8.696455865768517590e-01
8.748267607735439322e-01
8.794845023682963392e-01
8.839027669602674830e-01
8.880385702753262889e-01
8.917838852371635650e-01
8.953857704453491717e-01
8.987309147439852541e-01
9.018010580850970292e-01
9.048113232193536470e-01
9.075424943869841998e-01
9.100994666298569680e-01
9.126528420895902993e-01
9.149140371670346772e-01
9.187801711596238485e-01
9.223888150781495154e-01
9.255994992445751857e-01
9.286053906244323697e-01
9.312873140323997267e-01
9.338146824339274010e-01
9.361005474546164606e-01
9.382163705721973113e-01
9.402172092516460911e-01
9.420750282648175933e-01
9.437906852517993217e-01
9.453545422388722752e-01
9.468701127935381656e-01
9.482773816622002139e-01
9.495969959702794672e-01
9.508127710423501799e-01
9.519801152756869334e-01
9.530756439545666758e-01
9.545679540603099200e-01
9.556184445205957445e-01
9.566414900224678997e-01
9.576681718954889178e-01
9.586316004201652641e-01
9.595371552977591811e-01
9.604163098102925789e-01
9.612937334252603661e-01
9.621411897228686616e-01
9.629369298440446645e-01
9.637060636746191955e-01
9.644488493505702920e-01
9.651656492350924044e-01
9.658740811305532858e-01
9.665392979292737330e-01
9.671801468814414937e-01
9.678114879733864528e-01
9.684046610388189480e-01
9.689880652236357861e-01
9.695601245895618669e-01
9.728774780325214477e-01
9.773046303730380524e-01
9.777212654348703680e-01
9.781079340311273906e-01
9.784593457059248545e-01
9.787825510695151721e-01
