6.556135653676964239e+02
5.514159515652705750e+02
5.517761419926437156e+02
6.280090048200737556e+02
6.278454998061012020e+02
6.448890145062114243e+02
7.041180029541127396e+02
6.694919776829566445e+02
6.558107634391241163e+02
6.885138766805631576e+02
6.917194150991567767e+02
6.795451382879402900e+02
6.865265257639530319e+02
6.913562076339419491e+02
7.117736943531572251e+02
7.270002879594673004e+02
7.461512206659026560e+02
7.409403902338684702e+02
7.429816029688174694e+02
7.497743437626658078e+02
7.605751446438935091e+02
7.722627646198354796e+02
7.835013100676579825e+02
7.905048296308336830e+02
7.979148360356402918e+02
8.048771327331394332e+02
8.149102111179029180e+02
8.210021946073453591e+02
8.250975899073420123e+02
8.325428491231523367e+02
8.369803900389882756e+02
8.412458708373371792e+02
8.450759306302124969e+02
8.480956418046581575e+02
8.508196957273117960e+02
8.539952896683411154e+02
8.558230091790796905e+02
8.583959733194923274e+02
8.621891381531687557e+02
8.650888009130719638e+02
8.656532136100958041e+02
8.678329600033673614e+02
8.693865399095335533e+02
8.707325170135283088e+02
8.712678564970487969e+02
8.723284442189171841e+02
8.738659577574026116e+02
8.746288808151314242e+02
8.763070160069386247e+02
8.785674466000870098e+02
8.810688014435630748e+02
8.854207806928693572e+02
8.895972363174298607e+02
8.961835570983067782e+02
9.025430978562010296e+02
9.054819096943056138e+02
9.068315150554395814e+02
9.084255157144616533e+02
9.142809693117870893e+02
9.258389506994202520e+02
9.274012527188401691e+02
9.289396604447164236e+02
9.301484398045456601e+02
9.313527854079018198e+02
