7.169597279900185640e+02
6.108189494045124093e+02
6.094660071811474609e+02
6.829748842870353656e+02
6.810622747883687680e+02
6.960142578082973159e+02
7.514099899976756660e+02
7.166302777180666226e+02
7.019087795425705281e+02
7.318262009590181378e+02
7.337597683698681976e+02
7.208889557624997906e+02
7.262768776947758624e+02
7.295196834654626628e+02
7.476976394980017631e+02
7.605681593557678752e+02
7.777603021968948269e+02
7.719762678308761679e+02
7.728561103071962179e+02
7.783040837161526042e+02
7.866866980065223061e+02
7.959008997731053796e+02
8.047727336033539132e+02
8.097840673252366059e+02
8.152462002396498519e+02
8.203208486798896502e+02
8.282978171053612186e+02
8.327128078532419977e+02
8.353326293704110412e+02
8.410454522143062377e+02
8.440667921365552502e+02
8.470123854215083838e+02
8.495512168186226063e+02
8.514187116563931568e+02
8.530410979505909381e+02
8.551205673615891101e+02
8.560092168767852172e+02
8.576055642111057296e+02
8.600216214983413465e+02
8.619179840079204951e+02
8.617054285410264356e+02
8.629303757134998705e+02
8.636458792786738741e+02
8.642178814796119468e+02
8.640423221596415715e+02
8.643574909102947004e+02
8.651131468653261436e+02
8.652304415777134636e+02
8.661834752281549754e+02
8.677005273936000549e+02
8.694440558620897264e+02
8.728691223582884504e+02
8.761695573985539340e+02
8.816095482835351049e+02
8.868231866205888991e+02
8.889609969405798893e+02
8.896487098241090052e+02
8.905630505257056484e+02
8.927232590980604527e+02
8.987034591351194877e+02
8.996829255266681002e+02
9.006631822062738593e+02
9.013447015997488734e+02
9.021741857105913596e+02
