1.231822142987226698e+03
1.325465857845098299e+03
1.326229490723029812e+03
1.257587949907601569e+03
1.258919229604971179e+03
1.244303767475862742e+03
1.191342293206165778e+03
1.223547079137188348e+03
1.235824082263303808e+03
1.206443189479045031e+03
1.205264767717095765e+03
1.216629146236436554e+03
1.210448284873377816e+03
1.205402319726767246e+03
1.186998785944748306e+03
1.171465603783339247e+03
1.155928667556538358e+03
1.161470517836216231e+03
1.159804324598723269e+03
1.154045815592641475e+03
1.144265157949964077e+03
1.133624025005719432e+03
1.123210694147447384e+03
1.116811803138495407e+03
1.109832642421926266e+03
1.103258959879838130e+03
1.093897196757342954e+03
1.088168872975026034e+03
1.084278624965184690e+03
1.077192272435079076e+03
1.072889972848156731e+03
1.068811501324429173e+03
1.065067462348911931e+03
1.062157125677809518e+03
1.059428649012761298e+03
1.056277755032364212e+03
1.054457173808920288e+03
1.051929130087225758e+03
1.048221448068820109e+03
1.045421643343868936e+03
1.044720268744026043e+03
1.042532393707107303e+03
1.040990927871243684e+03
1.039682885961123930e+03
1.039086689540558154e+03
1.038052476996065252e+03
1.036616992847627671e+03
1.036049277748141094e+03
1.034664040422295102e+03
1.032887861744935435e+03
1.031004067127749749e+03
1.027413786144237747e+03
1.024134154860245644e+03
1.018418191944592309e+03
1.012618366209139253e+03
1.009757777233444244e+03
1.008210986916835395e+03
1.006453724517908427e+03
9.987985992406800051e+02
9.849728642064014821e+02
9.833750909740147108e+02
9.819690684994552612e+02
9.793522710965785336e+02
9.773763780599464326e+02
