6.729667298601693801e+02
5.641261521510676857e+02
5.640054015987327602e+02
6.416866926329811349e+02
6.408253287801812803e+02
6.577248248307298581e+02
7.178341837286161535e+02
6.817239694392185356e+02
6.671058674621033333e+02
7.000465741309192254e+02
7.029164300802470962e+02
6.900496624803187160e+02
6.967438280568450182e+02
7.012281923551855698e+02
7.216503648205252830e+02
7.366787726894585830e+02
7.559196935204015517e+02
7.503396232291237311e+02
7.521051780613463507e+02
7.587396248416312119e+02
7.692234385713314850e+02
7.806281565654327324e+02
7.916149449583853084e+02
7.983339918962162756e+02
8.054945406227309377e+02
8.122199088560488462e+02
8.220785996012614305e+02
8.279682258556242687e+02
8.318524683208484021e+02
8.391357248462849157e+02
8.433984473149580481e+02
8.475054793077863451e+02
8.511775287897149838e+02
8.540445876713542930e+02
8.566246449709379931e+02
8.596719299800437284e+02
8.613654714172414515e+02
8.638216941505571640e+02
8.674560491854776956e+02
8.702472027248830955e+02
8.706854730557988660e+02
8.727534479254783264e+02
8.741973483146203989e+02
8.754399646355715277e+02
8.758702357648528505e+02
8.768301373027753698e+02
8.782745952513604379e+02
8.789456400637441220e+02
8.805424353702795770e+02
8.827288318306036672e+02
8.851608557445267706e+02
8.894548398000745237e+02
8.935756601819999787e+02
9.001215302629761936e+02
9.064355651721145932e+02
9.093121776924117512e+02
9.105929947479385191e+02
9.121213891013502462e+02
9.175714128384360038e+02
9.286060960902453871e+02
9.301197931063098849e+02
9.316150680892532137e+02
9.327826745216816562e+02
9.339502346191741253e+02
