6.993934245921318507e+02
6.104482484828865836e+02
6.144238503636989890e+02
6.763781798543311652e+02
6.770679987111450373e+02
6.916109364356603919e+02
7.386539436418094056e+02
7.115235236077044192e+02
6.994740063833714885e+02
7.252000889976794724e+02
7.292777820475660064e+02
7.197545304095109486e+02
7.249100590360768592e+02
7.274732514538362693e+02
7.427899023243478496e+02
7.519007236035380402e+02
7.682649528109042194e+02
7.649840655284956483e+02
7.664686877253412831e+02
7.717276578472765323e+02
7.794682896681282500e+02
7.878042361812997569e+02
7.957277657396622317e+02
8.006580797883522109e+02
8.057206425833296635e+02
8.104842843336124361e+02
8.175130005878550037e+02
8.216939284027002941e+02
8.244388555317394776e+02
8.295279696649560037e+02
8.324940349900833780e+02
8.353838248196243512e+02
8.379226057768640885e+02
8.399247689810929387e+02
8.416924689489402454e+02
8.437700249240842822e+02
8.449200405306056609e+02
8.466468274046512761e+02
8.491809335056110513e+02
8.511765786582969895e+02
8.514382228926864400e+02
8.528718288436376724e+02
8.539219878458403628e+02
8.548624091408996719e+02
8.552097578991002820e+02
8.559653869567584934e+02
8.570876320120879654e+02
8.577486218815932943e+02
8.590798031216095296e+02
8.608820602431510451e+02
8.629192950692088289e+02
8.662261949298200534e+02
8.694270199244291462e+02
8.740899711014993727e+02
8.784541353319408472e+02
8.803205738984187292e+02
8.810973065871419294e+02
8.820632979963382923e+02
8.849129266531585927e+02
8.913275825049860259e+02
8.922393936440231528e+02
8.931400602123495673e+02
8.936809871767925415e+02
8.945967607809634501e+02
