9.718497766532346871e-01
9.732574374119508098e-01
9.745229545288613959e-01
9.756507527084280484e-01
9.767122065781005391e-01
9.776584121930287363e-01
9.785491785332891546e-01
9.793771900015004750e-01
9.801223205497074931e-01
9.808299127409877416e-01
9.814930331149136489e-01
9.820942487509447538e-01
9.826731297521378306e-01
9.832114020876557836e-01
9.837060171244736972e-01
9.841915724995304871e-01
9.846326420486087860e-01
9.850460623416301686e-01
9.854593897123093971e-01
9.858258461564010089e-01
9.864533778860524738e-01
9.870402859386132599e-01
9.875634769770091914e-01
9.880542012470694413e-01
9.884928092879539108e-01
9.889068357542180054e-01
9.892819016289572387e-01
9.896295930779699379e-01
9.899588682125223249e-01
9.902650347249006835e-01
9.905481478023978603e-01
9.908065313701476251e-01
9.910572338249896696e-01
9.912902873782327706e-01
9.915090611792175546e-01
9.917108252303797888e-01
9.919047395789741817e-01
9.920868932992386036e-01
9.923352862941726693e-01
9.925103251456948161e-01
9.926809401651349729e-01
9.928523107549586113e-01
9.930132600638107432e-01
9.931646624964194370e-01
9.933117640976203422e-01
9.934586876614889261e-01
9.936006994159317651e-01
9.937341401103321203e-01
9.938632069228016119e-01
9.939879343509373522e-01
9.941083747606394017e-01
9.942274829317550022e-01
9.943393921112834155e-01
9.944472629377748563e-01
9.945535918144350340e-01
9.946535452607454530e-01
9.947519022669739641e-01
9.948483942959431836e-01
9.954088663035510764e-01
9.961591775484721634e-01
9.962299174002562374e-01
9.962955878985195746e-01
9.963552857423160214e-01
9.964102045010254649e-01
