1.041666619447290110e+00
1.041666579655150970e+00
1.041666515051274056e+00
1.041666416788533667e+00
1.041666265084994603e+00
1.041666051517107894e+00
1.041665744746763655e+00
1.041665320060325417e+00
1.041664768445310418e+00
1.041664031115312028e+00
1.041663075075187406e+00
1.041661903596635907e+00
1.041660406102956626e+00
1.041658582568286029e+00
1.041656429222924674e+00
1.041653742560914697e+00
1.041650678192465929e+00
1.041647130344206751e+00
1.041642772983905285e+00
1.041638079166860020e+00
1.041627725676051552e+00
1.041614550660022953e+00
1.041598951206337498e+00
1.041579937236017273e+00
1.041558287312154496e+00
1.041532710371833259e+00
1.041504145942355297e+00
1.041472015891472536e+00
1.041435487560779194e+00
1.041395114200056149e+00
1.041351235608056758e+00
1.041304730554031721e+00
1.041252738390643806e+00
1.041197391128096283e+00
1.041138372183501692e+00
1.041077040380451679e+00
1.041011038913000730e+00
1.040941964962012856e+00
1.040835232665580312e+00
1.040750187981371422e+00
1.040658460337640090e+00
1.040556561937299396e+00
1.040450970456852087e+00
1.040341973350236815e+00
1.040226191204915995e+00
1.040099877085961078e+00
1.039966676532229961e+00
1.039830638305943022e+00
1.039688140309067421e+00
1.039539362528546507e+00
1.039384521727342525e+00
1.039219729650099788e+00
1.039053514647042764e+00
1.038882085661167132e+00
1.038701570326070023e+00
1.038520721991431417e+00
1.038331512855532823e+00
1.038134360200037909e+00
1.036724347430140414e+00
1.033893559480567159e+00
1.033555065876139212e+00
1.033228042093302212e+00
1.032919746733938160e+00
1.032626613837678953e+00
