2.838558017898827335e-01
3.174974931862536431e-01
3.499869119914931770e-01
3.806302095651963868e-01
4.108046184318694394e-01
4.386747561101134174e-01
4.656342041286984368e-01
4.912161105218987300e-01
5.145769345001128814e-01
5.369794865002444073e-01
5.580986766171375235e-01
5.772949776003130085e-01
5.957741379783630942e-01
6.129138398059086335e-01
6.285951717284133933e-01
6.438982139185026599e-01
6.576992427580365952e-01
6.705313423432216480e-01
6.832446792608541930e-01
6.944076175056900224e-01
7.132568995752426311e-01
7.305460051268808375e-01
7.456515217652339711e-01
7.595355924923873348e-01
7.716979624852806641e-01
7.829541784365109391e-01
7.929557485806644213e-01
8.020563894160050999e-01
8.105196947377943939e-01
8.182508886867161380e-01
8.252796589861387533e-01
8.315923917264698151e-01
8.376234719786196381e-01
8.431463553578070202e-01
8.482571222010836243e-01
8.529070014297723823e-01
8.573183796063029716e-01
8.614107092487415240e-01
8.669107226926604515e-01
8.707307394628228669e-01
8.744098883563876656e-01
8.780613553205630639e-01
8.814507272655431880e-01
8.846037464437116471e-01
8.876345176966216055e-01
8.906295839243868473e-01
8.934942140357748919e-01
8.961589192028883710e-01
8.987114800572120199e-01
9.011551612287262980e-01
9.034934499579964085e-01
9.057853059503661042e-01
9.079201069204431152e-01
9.099609726728408177e-01
9.119565257432810101e-01
9.138179020354246784e-01
9.156358922980448733e-01
9.174063290558900352e-01
9.274381766953601058e-01
9.402220339949234340e-01
9.413909474198182137e-01
9.424706927531895095e-01
9.434477659962534624e-01
9.443428937828483027e-01
