6.724326435318949962e+02
5.636596399960502595e+02
5.635913737158659842e+02
6.412966346517334841e+02
6.404707506232343803e+02
6.574005615930244630e+02
7.175368941080284912e+02
6.814494009634852318e+02
6.668491399521858511e+02
6.998094321923886127e+02
7.026980463556986933e+02
6.898453507013790613e+02
6.965529717711805233e+02
7.010485008390743360e+02
7.214821101959589669e+02
7.365191928297987261e+02
7.557726158449185050e+02
7.502010649742541091e+02
7.519747731875580712e+02
7.586167605985183400e+02
7.691125077825544167e+02
7.805280423239802303e+02
7.915241134978101627e+02
7.982513090643017222e+02
8.054187932107215602e+02
8.121505230112013578e+02
8.220150675615211640e+02
8.279096211089021153e+02
8.317982288830183961e+02
8.390856484655762415e+02
8.433519512592857836e+02
8.474621278060645864e+02
8.511371071331375333e+02
8.540067228318681600e+02
8.565891417667836549e+02
8.596385575135867612e+02
8.613339622153271193e+02
8.637920259896292237e+02
8.674287677563619354e+02
8.702216213529734432e+02
8.706612559745697126e+02
8.727307612343970504e+02
8.741759556374350950e+02
8.754197516797069056e+02
8.758511210664731834e+02
8.768121148641228046e+02
8.782576641563899784e+02
8.789296082567510666e+02
8.805273563216031789e+02
8.827146910440619649e+02
8.851476039182238083e+02
8.894425651754245337e+02
8.935642232916762850e+02
9.001110640493026267e+02
9.064259075326485799e+02
9.093031053393208367e+02
9.105844364686311110e+02
9.121132799815301269e+02
9.175655355236900732e+02
9.286030026641744826e+02
9.301173433722276513e+02
9.316106844828864268e+02
9.327778997982871942e+02
9.339468328946054498e+02
