1.011516581027382927e+03
1.039282582439460157e+03
1.050247388242553370e+03
1.030092926837200594e+03
1.034668477447375835e+03
1.033654949684548228e+03
1.016904227272741309e+03
1.031006093345609997e+03
1.034887529140271454e+03
1.025876138032622066e+03
1.029663015019499653e+03
1.035352070336559336e+03
1.033868040638541515e+03
1.031183747663200165e+03
1.024372271962059585e+03
1.014961036758244063e+03
1.012686442789623129e+03
1.017043493772518104e+03
1.017230650092959536e+03
1.015891151050718463e+03
1.012592745012863588e+03
1.008769139799192658e+03
1.004780147310313509e+03
1.002735332544135758e+03
1.000025126715597935e+03
9.975354483259258132e+02
9.937059185952667804e+02
9.915043291111036297e+02
9.901444824512717560e+02
9.870925342897462542e+02
9.854337085126729789e+02
9.838539089512821647e+02
9.823907595309933640e+02
9.812953813177482516e+02
9.803005012889443606e+02
9.789989273708554265e+02
9.783516586799878496e+02
9.774537758561185683e+02
9.760364137743060837e+02
9.750772463050783472e+02
9.749489732946425420e+02
9.742541880048971734e+02
9.738048919624153541e+02
9.735077605079744671e+02
9.735954042258132404e+02
9.735121534464319666e+02
9.732654685304930808e+02
9.734607566566078276e+02
9.733661768061008388e+02
9.731207101575378147e+02
9.728550034275862117e+02
9.717216857181299474e+02
9.706582985739009928e+02
9.681928625310254120e+02
9.653914864753421625e+02
9.639128808398567116e+02
9.631757064849643939e+02
9.623531828343301413e+02
9.583025923181054395e+02
9.510730014951062685e+02
9.503638428481897336e+02
9.490890060620538407e+02
9.485727541157507403e+02
9.475650565472503786e+02
