7.389664537073015254e+02
6.315565381095344719e+02
6.297445940320889122e+02
7.037575093300496292e+02
7.015319720294899071e+02
7.162870140986487968e+02
7.716903114283190916e+02
7.364941497884913133e+02
7.214777326900456274e+02
7.512832223605104218e+02
7.529500386730392165e+02
7.397839299360109635e+02
7.449603754230427057e+02
7.479975611012213221e+02
7.660237333514396596e+02
7.787344784306870906e+02
7.957104329067154822e+02
7.896932324413796778e+02
7.903508848712270947e+02
7.956008519888202954e+02
8.036267010206321402e+02
8.124824713758860071e+02
8.210110018699313059e+02
8.256807724162929389e+02
8.308231805602695204e+02
8.355790591239032210e+02
8.432507111444386965e+02
8.473756499199902237e+02
8.497128832863909338e+02
8.551480503377061950e+02
8.579063522083929456e+02
8.606062649822998765e+02
8.628999184912000828e+02
8.645364114487907727e+02
8.659349291991746895e+02
8.678022987771428234e+02
8.684876369579042148e+02
8.698842420151730721e+02
8.720232746803891359e+02
8.737175839288457837e+02
8.733121976808311047e+02
8.743329040075132070e+02
8.748574045385204272e+02
8.752472942296085421e+02
8.748918337403432588e+02
8.750242071410285689e+02
8.755984990417298377e+02
8.755477102460051810e+02
8.763322627013403689e+02
8.776844515998583347e+02
8.792673437638676432e+02
8.825272392903871150e+02
8.856739774790734145e+02
8.909551706516305103e+02
8.960105664775896912e+02
8.980049680141765975e+02
8.985505847560748407e+02
8.993221082534975039e+02
9.006423275887964337e+02
9.054203519479608531e+02
9.062881212614781816e+02
9.071370046284110913e+02
9.077133341260923771e+02
9.084587428013213639e+02
