5.514800198316294200e+02
4.274587467912871261e+02
4.153798274338926717e+02
5.053133598579284467e+02
4.988489925840111709e+02
5.145193622266841658e+02
5.858452337229591649e+02
5.376075315892680919e+02
5.202707538253248458e+02
5.592776537308718616e+02
5.562478997896969304e+02
5.380914353574351026e+02
5.454222725553847795e+02
5.526774162925019027e+02
5.783351082867537798e+02
6.032983727497498876e+02
6.217942061987890838e+02
6.110895438319330424e+02
6.121289689863251624e+02
6.191667564233727035e+02
6.319311516125303569e+02
6.462307534255140808e+02
6.604201389153186028e+02
6.684990679777235982e+02
6.778346668354639633e+02
6.866009345282142249e+02
6.997436321104499939e+02
7.073693690862193080e+02
7.122484430870379128e+02
7.221973479161202931e+02
7.278720706179742592e+02
7.332418568367637590e+02
7.381420992793597406e+02
7.418020191091168272e+02
7.452361899598081436e+02
7.494141798135567569e+02
7.515228589988209933e+02
7.547219897937607129e+02
7.595044006821760831e+02
7.630943755694286210e+02
7.634930195186129822e+02
7.662048147312194715e+02
7.678619449229539669e+02
7.691013472165275289e+02
7.692742865722524357e+02
7.700821729004214831e+02
7.715804329696541117e+02
7.716155252820433361e+02
7.729568020654609199e+02
7.749635830488488182e+02
7.771046166682449439e+02
7.821338575931813466e+02
7.868319629736886327e+02
7.956647785569704183e+02
8.047342514999611467e+02
8.089927165620957794e+02
8.110272555551523510e+02
8.134527308063521787e+02
8.232504607273982629e+02
8.422237396875642617e+02
8.445294946605175710e+02
8.470482378115651727e+02
8.491252126642257281e+02
8.512598258381132155e+02
