9.795965309806544674e-01
9.808227855108299087e-01
9.819059815025498184e-01
9.828560236669076078e-01
9.837370812734481662e-01
9.845118106484269660e-01
9.852319910250654234e-01
9.858934948251429908e-01
9.864822631296202848e-01
9.870356656884288205e-01
9.875492540406609621e-01
9.880106962391796976e-01
9.884512277217640808e-01
9.888575437584173899e-01
9.892280951123741950e-01
9.895892449217695841e-01
9.899150642340280859e-01
9.902185226338579005e-01
9.905200415217971788e-01
9.907858049228179809e-01
9.912374970231700999e-01
9.916560565000587246e-01
9.920260078139625515e-01
9.923702909766062286e-01
9.926757919993616230e-01
9.929622522293578557e-01
9.932201488460953298e-01
9.934578595967126224e-01
9.936817717389363480e-01
9.938889169445491722e-01
9.940795631991528047e-01
9.942528017737621848e-01
9.944202026771978842e-01
9.945752123679912904e-01
9.947201932900374688e-01
9.948534468865337654e-01
9.949811054642223596e-01
9.951006556757421295e-01
9.952631094394276401e-01
9.953771938575043388e-01
9.954880819633581401e-01
9.955991507967620890e-01
9.957031828376524674e-01
9.958007949252445368e-01
9.958954034092057928e-01
9.959896709642882540e-01
9.960805725997808890e-01
9.961657963618135714e-01
9.962480506579987072e-01
9.963273755112257435e-01
9.964038214324372200e-01
9.964792749328524879e-01
9.965500353784054743e-01
9.966181211991874678e-01
9.966851177838659259e-01
9.967479926570063098e-01
9.968097646899424236e-01
9.968702707472871793e-01
9.972198844322496258e-01
9.976831392268448173e-01
9.977265417478365928e-01
9.977667928364203354e-01
9.978033490007917061e-01
9.978369501471431313e-01
