1.523969065531871593e+03
1.703636901150495987e+03
1.680532157052327875e+03
1.546552875106854572e+03
1.540267300018105516e+03
1.504222762580442804e+03
1.403672844668690686e+03
1.456660175779167503e+03
1.480044164467120254e+03
1.423351806930872499e+03
1.413091035107893958e+03
1.430467966698878399e+03
1.417850953601806850e+03
1.410272390278688363e+03
1.377357041497551108e+03
1.356460485220756254e+03
1.322166282163417236e+03
1.327872041991251535e+03
1.323480393932041579e+03
1.311830633451527319e+03
1.293932469317082905e+03
1.274849396651789220e+03
1.256624445557186164e+03
1.244747734610252110e+03
1.232687621326333783e+03
1.221143718750594644e+03
1.205200204663414752e+03
1.195301362242662208e+03
1.188378303061510223e+03
1.176632618621664733e+03
1.169166751948003139e+03
1.162174334373156171e+03
1.155781814981882235e+03
1.150766325889396285e+03
1.146019437671896867e+03
1.140725104945894373e+03
1.137609164667208233e+03
1.133096374780984206e+03
1.126754521931783074e+03
1.121712355452331167e+03
1.120372754566778440e+03
1.116298229666412681e+03
1.113487090303677633e+03
1.111012351455609178e+03
1.109518957583932661e+03
1.107323841447960149e+03
1.104331033315419972e+03
1.102847722152189363e+03
1.099845063145976610e+03
1.096142815473211158e+03
1.092258829937242581e+03
1.085689999930972135e+03
1.079858481554007994e+03
1.070290670851625691e+03
1.061209965109943823e+03
1.056966518663937677e+03
1.054557116633270198e+03
1.051690546594374837e+03
1.040587443164153683e+03
1.020881526210493121e+03
1.015679390013235434e+03
1.016271889571762586e+03
1.014478481805025694e+03
1.011363567392620212e+03
