5.217424879865317280e+02
4.387633989376693648e+02
4.443114759717925608e+02
5.149807598783251024e+02
5.195432071626315746e+02
5.389359006982008395e+02
5.962512451538337928e+02
5.689083167834673986e+02
5.599954522143013946e+02
5.930802198750307070e+02
5.991924389651126148e+02
5.909216463068079292e+02
6.001268361122135957e+02
6.072100934184643393e+02
6.285733355917421932e+02
6.452237364582558712e+02
6.653839308602416622e+02
6.625927801822140282e+02
6.666302778638444124e+02
6.749158108348973428e+02
6.883992098792867864e+02
7.025904096579216684e+02
7.160941830695044246e+02
7.254207865062811607e+02
7.348946582586002023e+02
7.438387535704249558e+02
7.555623184979376674e+02
7.633550914054599161e+02
7.691298812025903544e+02
7.780448958306651548e+02
7.839290759736883274e+02
7.895143348483069303e+02
7.946436830279512833e+02
7.988874393981549247e+02
8.027720514528491549e+02
8.070076874087117176e+02
8.098799951233859247e+02
8.134232044731959377e+02
8.185360847811074336e+02
8.223673897146400122e+02
8.238826309140412150e+02
8.269937208952304672e+02
8.294272090039189607e+02
8.316030236221738505e+02
8.329614456205058559e+02
8.348341541193349258e+02
8.371508852738074893e+02
8.386496256161946121e+02
8.410283071914603852e+02
8.439541186031628968e+02
8.470913647502520689e+02
8.520513281485841617e+02
8.567941231221176395e+02
8.639070649804070854e+02
8.707975102820730626e+02
8.742773593843900244e+02
8.761833152146625707e+02
8.783220575412365179e+02
8.873851181026016093e+02
9.032347570440135769e+02
9.051976919584037660e+02
9.071126805583196528e+02
9.086638009546677495e+02
9.101826619064556780e+02
