6.619933144571543835e+02
5.545329179467150880e+02
5.549510752604902564e+02
6.324903072865150762e+02
6.320603679064173548e+02
6.492537804748676535e+02
7.094546790759048918e+02
6.738203308762624602e+02
6.595446041182118506e+02
6.926375830552666457e+02
6.957698659233458329e+02
6.831842258384623392e+02
6.900810477725726741e+02
6.947565070732908907e+02
7.153120285963154856e+02
7.304819067261992132e+02
7.498673857373461260e+02
7.444664084456098863e+02
7.463929368136667790e+02
7.531613116746882497e+02
7.638766025519494178e+02
7.754983376310198082e+02
7.866804262628423885e+02
7.935885499006367354e+02
8.009173109374545447e+02
8.078030274289993713e+02
8.178053983467492571e+02
8.238307461650995265e+02
8.278447600463812250e+02
8.352475808829362904e+02
8.396226362377135501e+02
8.438319602158683210e+02
8.476036692177668783e+02
8.505632225395131627e+02
8.532306613965312181e+02
8.563584424174930518e+02
8.581289980597040312e+02
8.606583111292476360e+02
8.643919047905957314e+02
8.672535499667510521e+02
8.677598277699871687e+02
8.698969816595125621e+02
8.714051766327556834e+02
8.727082515279649897e+02
8.731975616333986636e+02
8.742163358786970093e+02
8.757179594728326038e+02
8.764419463466177831e+02
8.780904376761711774e+02
8.803266130864573142e+02
8.828064827440806539e+02
8.871482294477983714e+02
8.913131788655937271e+02
8.979028709197311855e+02
9.042600939314082780e+02
9.071767310643297151e+02
9.084973615771651794e+02
9.100649852755715301e+02
9.157406613828911759e+02
9.270781917612990810e+02
9.286206607919123144e+02
9.301428484904672587e+02
9.313350368745921060e+02
9.325241306676890645e+02
