1.483307464447580742e+03
1.646381229836402326e+03
1.624419701342305643e+03
1.503879131090624014e+03
1.498500130894697577e+03
1.465679048783807730e+03
1.373451861494623472e+03
1.423301313938751719e+03
1.446520566375064618e+03
1.394688540611976805e+03
1.385439015838541081e+03
1.402690512291693267e+03
1.391960099850986126e+03
1.386345835243552074e+03
1.356575703597595520e+03
1.338828715929163309e+03
1.306477132570260665e+03
1.312546654715918066e+03
1.309340098682665257e+03
1.299064709905151176e+03
1.283651083427983394e+03
1.267001723755489820e+03
1.251016520610326324e+03
1.241060049735565144e+03
1.230838436423686744e+03
1.221030230023289960e+03
1.206800060764790032e+03
1.198416213792907683e+03
1.192896433017343043e+03
1.182593285224076226e+03
1.176376999554307076e+03
1.170551776861872213e+03
1.165292090295921753e+03
1.161354018185623090e+03
1.157607449532083137e+03
1.153273587165548633e+03
1.151086455313143915e+03
1.147419381925085418e+03
1.142281231421016173e+03
1.138039694986048289e+03
1.137584152062776184e+03
1.134315290065135514e+03
1.132322380100414421e+03
1.130628198063310492e+03
1.129878680352969241e+03
1.128413916606452176e+03
1.126124004159900778e+03
1.125366593646481761e+03
1.122989138723329233e+03
1.119850924766740945e+03
1.116507804427624478e+03
1.110465537036975320e+03
1.105069396000524193e+03
1.095876368434112237e+03
1.087295645437524854e+03
1.083419883226355296e+03
1.081766557828100986e+03
1.079391213794078567e+03
1.072072477049879126e+03
1.054649679794405984e+03
1.054387626424957489e+03
1.050233080042928350e+03
1.048839281124647187e+03
1.049312885761599546e+03
