6.778927390687083516e+02
5.684565913277594973e+02
5.681178827434684990e+02
6.458844490891957548e+02
6.448452612505261641e+02
6.616271800076178806e+02
7.217110920657577253e+02
6.853932804423701555e+02
6.706265488104489805e+02
7.035081536265197428e+02
7.062661560769400921e+02
6.932758654859538865e+02
6.998828945937729031e+02
7.042841120045162597e+02
7.246502765592133528e+02
7.396173334829336454e+02
7.587968180547966313e+02
7.531369084926575397e+02
7.548308754024013751e+02
7.614060398575261388e+02
7.717865725590522743e+02
7.830939456401342795e+02
7.939926208463399462e+02
8.006257171263575856e+02
8.077094506019344635e+02
8.143612868627415082e+02
8.241539867820390555e+02
8.299808846405909435e+02
8.338048791496355534e+02
8.410325608773083559e+02
8.452428412483170632e+02
8.493019870391416362e+02
8.529272520922947933e+02
8.557507603088598671e+02
8.582895902348175241e+02
8.612988225830119973e+02
8.629558428238093484e+02
8.653773936546649566e+02
8.689645588766392166e+02
8.717221495649906728e+02
8.721278943125687420e+02
8.741628050327187793e+02
8.755758861782592248e+02
8.767894790363550328e+02
8.771913603214942441e+02
8.781229283868485709e+02
8.795398574005241699e+02
8.801853457029995980e+02
8.817571937095314070e+02
8.839195459541260789e+02
8.863284570813644905e+02
8.905993675504264502e+02
8.946988424136659432e+02
9.012235423845327205e+02
9.075166121466082814e+02
9.103737224391838936e+02
9.116351478118955356e+02
9.131443779835102532e+02
9.184835977228411821e+02
9.293679632974560718e+02
9.308687278147820052e+02
9.323502861106059072e+02
9.335057752499765229e+02
9.346598812671746828e+02
