7.870908497170647706e+02
6.954258223698107031e+02
6.980848709755571235e+02
7.603512750845586652e+02
7.600360443952291689e+02
7.736275647354240164e+02
8.196010756196247939e+02
7.916831250255329451e+02
7.787895803085253874e+02
8.034940256992362038e+02
8.066663427526154919e+02
7.963210953108035710e+02
8.005672368519567499e+02
8.022249932658764919e+02
8.165867743860078463e+02
8.246961415007136793e+02
8.400314368504079994e+02
8.360377049608791822e+02
8.366739953538093459e+02
8.410967029204297205e+02
8.473218202232901604e+02
8.541189127414528457e+02
8.605665061968137479e+02
8.641076663589153668e+02
8.678481028466800353e+02
8.713013528101054135e+02
8.770236230358774492e+02
8.800214086490676664e+02
8.816420633166454763e+02
8.855716497417897699e+02
8.874793947812875103e+02
8.893813685224572509e+02
8.909388294454645347e+02
8.920267973705487066e+02
8.929083120247094030e+02
8.941377201694411951e+02
8.944930086802748974e+02
8.954278422409478253e+02
8.968610693100843037e+02
8.980524340547191287e+02
8.975728372454527744e+02
8.981996521166823868e+02
8.985049599125050008e+02
8.987372456182862379e+02
8.983926836660938307e+02
8.984392570564602920e+02
8.988520416925994141e+02
8.988674378540562202e+02
8.995397474184096609e+02
9.006916366309791329e+02
9.020953524250252258e+02
9.047285421616146550e+02
9.073048646291991872e+02
9.112894975062956746e+02
9.149804566970232145e+02
9.162622808874809834e+02
9.164755956001524737e+02
9.168752612117581293e+02
9.164089020519128326e+02
9.180363430101313043e+02
9.184852019045175666e+02
9.189341060011902300e+02
9.190710717470462896e+02
9.196109880844627469e+02
