6.453982784878630810e+02
5.432636157938209180e+02
5.440048941308672283e+02
6.196588426602422714e+02
6.198866980868799601e+02
6.370826306143495685e+02
6.960231214744317185e+02
6.620835411860203976e+02
6.488397271375845321e+02
6.815074528963016292e+02
6.849298272246784336e+02
6.730982818399234020e+02
6.802490115077608834e+02
6.852611939475173131e+02
7.057193199940803652e+02
7.210520753357930062e+02
7.402297301463133863e+02
7.352179076248743286e+02
7.374147321210778045e+02
7.443121708048395249e+02
7.553077587234557768e+02
7.671736662543393095e+02
7.785722006292683091e+02
7.857467475820278651e+02
7.933073966951420743e+02
8.004138543505900998e+02
8.105626514082198355e+02
8.167780090865272768e+02
8.209982397217041807e+02
8.285466208585168033e+02
8.330898985898782030e+02
8.374515314875097829e+02
8.413767982992093266e+02
8.444871615741478763e+02
8.472970866111318173e+02
8.505501974853668798e+02
8.524563195062562500e+02
8.551002379070249617e+02
8.589897948787505584e+02
8.619567339531730568e+02
8.625936795623179023e+02
8.648415954481957897e+02
8.664605289346872041e+02
8.678681597505955096e+02
8.684654349203624406e+02
8.695863478043186205e+02
8.711808942366561723e+02
8.719986534692080795e+02
8.737275128365417913e+02
8.760352949805927665e+02
8.785815317432499114e+02
8.829742163447563144e+02
8.871889035476643812e+02
8.938077722421278395e+02
9.002011333557602484e+02
9.031785969803030412e+02
9.045693472997662639e+02
9.062032369638873206e+02
9.122982681392111317e+02
9.241723438137006497e+02
9.257637613733215858e+02
9.273294152694066952e+02
9.285628342540209132e+02
9.297901378648721220e+02
