1.086939855886069450e+00
1.086932035884787151e+00
1.086921791172899887e+00
1.086908956975155549e+00
1.086892405175742482e+00
1.086872665477655486e+00
1.086848348262070552e+00
1.086819220597286639e+00
1.086786108115324723e+00
1.086747020629003080e+00
1.086701980345954777e+00
1.086652511148044731e+00
1.086595466675385646e+00
1.086532488472805147e+00
1.086464599017008315e+00
1.086386969600572128e+00
1.086305456626416532e+00
1.086218060189750645e+00
1.086118465973755498e+00
1.086018513843720390e+00
1.085817583148325216e+00
1.085588997413278634e+00
1.085344906598695758e+00
1.085074486699562302e+00
1.084792598439300537e+00
1.084485793654117014e+00
1.084168406735947610e+00
1.083835832608257554e+00
1.083482272320919426e+00
1.083115574147084370e+00
1.082740084340090725e+00
1.082363513794592613e+00
1.081964052452832448e+00
1.081559691279275315e+00
1.081148497181275481e+00
1.080739820384845062e+00
1.080318264127591688e+00
1.079894632089746453e+00
1.079270225686905782e+00
1.078795241144002937e+00
1.078302248081993264e+00
1.077775210995377542e+00
1.077249217814383098e+00
1.076725264756026146e+00
1.076187486393148429e+00
1.075620466291762112e+00
1.075042391630093519e+00
1.074470845659182494e+00
1.073890522626307797e+00
1.073302725747831809e+00
1.072708754975943091e+00
1.072094686901316818e+00
1.071492499451924818e+00
1.070887921917670127e+00
1.070267878511914850e+00
1.069662347460874630e+00
1.069044254748138689e+00
1.068415694146623851e+00
1.064290485023952959e+00
1.057295036099537011e+00
1.056536617923618193e+00
1.055816206120406830e+00
1.055147482138727222e+00
1.054520527656911177e+00
