7.412600003746661059e+02
6.508592783179833532e+02
6.542113411882600076e+02
7.164542671524998241e+02
7.166751289808814818e+02
7.307983523288097558e+02
7.774215315853316497e+02
7.498847224894910823e+02
7.374362418113289550e+02
7.627276885877610084e+02
7.663832992510499480e+02
7.564682581312487173e+02
7.612125309910400119e+02
7.633674009556168585e+02
7.782624186742914389e+02
7.869332579930610336e+02
8.028239254393998863e+02
7.992061427173347283e+02
8.002984078064878304e+02
8.051720733357469726e+02
8.122147100817489900e+02
8.198399261671874001e+02
8.270798722067595463e+02
8.313635927895691111e+02
8.358105651949942967e+02
8.399621445449589601e+02
8.463796679480939247e+02
8.500059560823113998e+02
8.522228280108956824e+02
8.567667431254033090e+02
8.592339086718192220e+02
8.616576552865628855e+02
8.637328019847068390e+02
8.653028668214046775e+02
8.666508228030168084e+02
8.683264044647697801e+02
8.690998474331079251e+02
8.704501242546847379e+02
8.724607397093686814e+02
8.740728815598286019e+02
8.739819225087596806e+02
8.750301485618283550e+02
8.757249644889552656e+02
8.763272797708276585e+02
8.763438163189584884e+02
8.767600471264458974e+02
8.775420401180289218e+02
8.778938234538236429e+02
8.789084692731873929e+02
8.803979056173361641e+02
8.821301044983354132e+02
8.851119345875124509e+02
8.880114457904264782e+02
8.923460945896576959e+02
8.963850827332641984e+02
8.979697376833017870e+02
8.984748851280644431e+02
8.991674867193655700e+02
9.004169595415722824e+02
9.045149345470182425e+02
9.051931612124030835e+02
9.058765239435829244e+02
9.062225988333283340e+02
9.069742947828141268e+02
