7.526519780957086141e+02
6.374393058080629544e+02
6.351197734446590175e+02
7.150603475097883575e+02
7.126612252493780488e+02
7.286740786414113700e+02
7.890714374068074903e+02
7.508680931926913900e+02
7.348802392046493424e+02
7.675059944549644797e+02
7.692228370466125398e+02
7.550510798033371884e+02
7.609188857282678100e+02
7.646225446282794564e+02
7.845658748690809716e+02
7.991090941615874499e+02
8.175806943341301576e+02
8.110441493500708248e+02
8.119682900338265199e+02
8.178852909768163499e+02
8.270968086213637207e+02
8.372433455267058662e+02
8.470385463640317312e+02
8.525537260392068220e+02
8.586045552558819054e+02
8.642263804202743813e+02
8.730486536193682241e+02
8.779410793400277271e+02
8.808488104773415444e+02
8.871924486097971112e+02
8.905548373340233184e+02
8.938232265536249770e+02
8.966594609357558738e+02
8.987384232712613539e+02
9.005550570350129647e+02
9.028832757145277128e+02
9.038847548729078198e+02
9.056623677504704801e+02
9.083589547868032241e+02
9.104653420384245237e+02
9.102476872855369265e+02
9.116233998204270392e+02
9.124202954995386108e+02
9.130455510749646919e+02
9.128647695606506431e+02
9.132045907173092019e+02
9.140342803291013070e+02
9.141351411720011129e+02
9.151608865476390520e+02
9.167885438926548431e+02
9.186772230856954593e+02
9.224144273060064734e+02
9.260186719003415874e+02
9.320339496214912742e+02
9.378231602140684799e+02
9.402203632908889404e+02
9.410236797788851391e+02
9.420743883095105957e+02
9.447069850286870860e+02
9.516904206995358209e+02
9.528112359856733065e+02
9.539468349780700009e+02
9.547825574730550215e+02
9.556168691258193348e+02
