1.536906579714614281e+03
1.702350619705694726e+03
1.687382140234783265e+03
1.564286621009269766e+03
1.560563773828960166e+03
1.529332989132270541e+03
1.436969758091488529e+03
1.487256647747514762e+03
1.508304471517285492e+03
1.456441933602836798e+03
1.448821875687844567e+03
1.465481034292781487e+03
1.453884390252735329e+03
1.446169402689823073e+03
1.415389062188299249e+03
1.393912325611479446e+03
1.363694943757765031e+03
1.369821746644794757e+03
1.365864569972341542e+03
1.355212051073473276e+03
1.338365919560158318e+03
1.320369050524905560e+03
1.303108676863118490e+03
1.291923794807470131e+03
1.280376887832002012e+03
1.269368582197061187e+03
1.254258103172367555e+03
1.244785326224073742e+03
1.238143757821275130e+03
1.226878297000300108e+03
1.219736382187974868e+03
1.213022770969685098e+03
1.206871044007629052e+03
1.201993840660997648e+03
1.197425471816337904e+03
1.192297234252182079e+03
1.189210078858304769e+03
1.184908505890480683e+03
1.178788816925457922e+03
1.174018980561464332e+03
1.172626652946706599e+03
1.168782737411944254e+03
1.166045536883930708e+03
1.163642532869824208e+03
1.162223092063263721e+03
1.160136244468423683e+03
1.157361913772580920e+03
1.155943863322073184e+03
1.153183870611362863e+03
1.149796153505855500e+03
1.146241625616495412e+03
1.140179035719834928e+03
1.134748861315593103e+03
1.125786898736325156e+03
1.117140468998467668e+03
1.112975021937967540e+03
1.110583547102805824e+03
1.107814260079997894e+03
1.096400713909262322e+03
1.075776464126043720e+03
1.073673964558596936e+03
1.071896559971752367e+03
1.070473747916023058e+03
1.068824298204540355e+03
