1.286313342863554226e+03
1.407530841261661635e+03
1.398886405532206936e+03
1.310679219634458605e+03
1.309432746688377165e+03
1.287762160252059402e+03
1.219797805347089252e+03
1.258999744169764199e+03
1.275977421587470872e+03
1.238142061883773522e+03
1.233708717378934125e+03
1.247605871762980087e+03
1.239985150938704919e+03
1.235209247066326725e+03
1.212660597508685669e+03
1.197020250356839369e+03
1.174711330462208025e+03
1.180563385071997573e+03
1.178539321553651007e+03
1.171179586407555917e+03
1.159638908871052308e+03
1.147075912915740446e+03
1.134899158167335145e+03
1.127489280596472099e+03
1.119630098847745785e+03
1.112139578841486809e+03
1.101198685512394604e+03
1.094728161729285830e+03
1.090515892100851715e+03
1.082439661648337733e+03
1.077663572249587560e+03
1.073152632628526817e+03
1.069082014799382932e+03
1.066003687229533170e+03
1.063136566592071176e+03
1.059738056294667786e+03
1.058012605092639660e+03
1.055235113511354712e+03
1.051247214179928960e+03
1.048062008691452775e+03
1.047699505173915668e+03
1.045292272093156726e+03
1.043772599930048500e+03
1.042500195677531565e+03
1.042050428588070417e+03
1.041045555929986904e+03
1.039440957039117166e+03
1.038949114709031392e+03
1.037299461914553603e+03
1.035096654024680902e+03
1.032728205011213049e+03
1.028199341593372083e+03
1.024168383875423388e+03
1.017062175820315815e+03
1.010185565255450342e+03
1.007137852982786853e+03
1.005614834351908939e+03
1.003764584256883154e+03
9.971519719623734090e+02
9.833733932770317097e+02
9.817368195537135307e+02
9.813092069395067938e+02
9.800691625408975369e+02
9.793996501645807484e+02
