1.019276760475487320e+00
1.019120404176967476e+00
1.018959730374440875e+00
1.018798138020978516e+00
1.018628075313824821e+00
1.018459978535810162e+00
1.018285897328929268e+00
1.018108855480509112e+00
1.017935764247462016e+00
1.017758213221657160e+00
1.017579172152144773e+00
1.017405420340682820e+00
1.017227082324387633e+00
1.017050848888451986e+00
1.016879478484906896e+00
1.016701905346251378e+00
1.016532100418142903e+00
1.016365176509768098e+00
1.016190375278762881e+00
1.016028439608946288e+00
1.015735020485719620e+00
1.015440896505616086e+00
1.015161407305504859e+00
1.014883376779688318e+00
1.014621002990000465e+00
1.014360583851948272e+00
1.014113378205080851e+00
1.013874123433563090e+00
1.013638152935474102e+00
1.013410173822006266e+00
1.013191697661599555e+00
1.012985623816556879e+00
1.012779355648919077e+00
1.012581831466831339e+00
1.012391178901828281e+00
1.012210722494012005e+00
1.012032983009133247e+00
1.011862077855507414e+00
1.011622686589125353e+00
1.011449476775388989e+00
1.011276955109974285e+00
1.011099917067287413e+00
1.010930142962770173e+00
1.010767276161997019e+00
1.010606039445484106e+00
1.010441992749666174e+00
1.010280522331852282e+00
1.010126145698251099e+00
1.009974343558396104e+00
1.009825285844605514e+00
1.009679117263182935e+00
1.009532375489841538e+00
1.009392491396290170e+00
1.009255786756437123e+00
1.009119219533980427e+00
1.008989177443930796e+00
1.008859621894538261e+00
1.008730974315997564e+00
1.007952664040412838e+00
1.006824665423058374e+00
1.006713102032159579e+00
1.006608722392146937e+00
1.006513158090544202e+00
1.006424674110553807e+00
