6.775343937257538300e+02
5.690204216214356165e+02
5.685441923214407325e+02
6.458742103270243433e+02
6.448503212498346784e+02
6.615242254739417831e+02
7.212536706183714159e+02
6.852058498134638285e+02
6.705936968907088840e+02
7.033135862705153158e+02
7.060485158137952340e+02
6.931539968366706717e+02
6.997576601556198739e+02
7.041837867626244361e+02
7.244818784325480010e+02
7.394523547512576442e+02
7.585228969906321481e+02
7.528970811794266638e+02
7.546042000698971606e+02
7.611657114420245307e+02
7.715388687491442852e+02
7.828344632109241275e+02
7.937216717972539755e+02
8.003570834731466448e+02
8.074420486502420999e+02
8.140944908813230541e+02
8.238749479998475636e+02
8.297029859185566920e+02
8.335339298045640817e+02
8.407572080422198724e+02
8.449707123586724720e+02
8.490325914976004924e+02
8.526617028619120902e+02
8.554908535588490395e+02
8.580347856073090043e+02
8.610473436718724543e+02
8.627114120491885387e+02
8.651358650615393344e+02
8.687272099918708363e+02
8.714861341243552033e+02
8.719005661335099830e+02
8.739384988059040325e+02
8.753564968830839916e+02
8.765747658482370070e+02
8.769824739518483057e+02
8.779184820174590413e+02
8.793380476116441287e+02
8.799880066483467544e+02
8.815612669957895378e+02
8.837235225021000815e+02
8.861317318223926804e+02
8.903981890279188747e+02
8.944943223061496838e+02
9.010107603421024578e+02
9.072978040052248616e+02
9.101560369322303359e+02
9.114208424125802139e+02
9.129325786806364249e+02
9.182961348904727856e+02
9.292062198184014505e+02
9.307083061306232139e+02
9.321912109659936050e+02
9.333489268050776673e+02
9.345062256269632144e+02
