6.983344701594340904e+02
5.936661427972112506e+02
5.930260189640490580e+02
6.664205345108254051e+02
6.651236162819041056e+02
6.805828360445520957e+02
7.363226312877557120e+02
7.022589107575915932e+02
6.881363933533002637e+02
7.185087638940101442e+02
7.210207135894819430e+02
7.087366609920264864e+02
7.146541660209004476e+02
7.184167972228427743e+02
7.370628433410741991e+02
7.504230324498761320e+02
7.681121201550400883e+02
7.628340972608560833e+02
7.642250448315346603e+02
7.701364955570167012e+02
7.793495134884586832e+02
7.893827477180037704e+02
7.990203670074081401e+02
8.047808593575344958e+02
8.109355258409945009e+02
8.166839244950763259e+02
8.252857336710217169e+02
8.302928557938349741e+02
8.334838881223216731e+02
8.397345937898314787e+02
8.432595523664155053e+02
8.466685964322317659e+02
8.496599476084387561e+02
8.519502983477256066e+02
8.539700521907889197e+02
8.564155862424981933e+02
8.576569118653454780e+02
8.595813868214063405e+02
8.624422179231983137e+02
8.646475500906358320e+02
8.647372943799691711e+02
8.662581278260361159e+02
8.672496474285695740e+02
8.680773502414140239e+02
8.681458979734602508e+02
8.686992839900265153e+02
8.696782028632110269e+02
8.700031630265448257e+02
8.711485135367569228e+02
8.728452699739985974e+02
8.747565028799364200e+02
8.783374200781457830e+02
8.817804010690100540e+02
8.873441666444881548e+02
8.926748241070425820e+02
8.949239177817869404e+02
8.957165879901474455e+02
8.967259045621344740e+02
8.993278843147934367e+02
9.054629481122233301e+02
9.064133371879945571e+02
9.073551217565478737e+02
9.080110767666349147e+02
9.088616485329881698e+02
