9.600090167491214244e-01
9.623672621080288092e-01
9.644551128506695381e-01
9.662899712685747433e-01
9.679946627454825148e-01
9.694960719110621294e-01
9.708938223429952608e-01
9.721794405166058750e-01
9.733251103979275731e-01
9.744031771456554969e-01
9.754047374471703780e-01
9.763054733557658960e-01
9.771661582817694480e-01
9.779606598994978750e-01
9.786857849223193906e-01
9.793930240233352791e-01
9.800315094129699034e-01
9.806265462669100375e-01
9.812181343500988584e-01
9.817398623163887672e-01
9.826272230560276766e-01
9.834502035664940411e-01
9.841781787072821919e-01
9.848561253105795332e-01
9.854580919579494225e-01
9.860228719604162695e-01
9.865316113624362782e-01
9.870007620333386411e-01
9.874428822143432871e-01
9.878520708928242300e-01
9.882288169436619363e-01
9.885712866287399425e-01
9.889023281142732547e-01
9.892089638156124076e-01
9.894958464803105258e-01
9.897595965533091400e-01
9.900123379509279120e-01
9.902490844442684015e-01
9.905708835714603921e-01
9.907969317156033462e-01
9.910166958587001140e-01
9.912368668211919420e-01
9.914431329684219030e-01
9.916367090243953797e-01
9.918243645039962475e-01
9.920113789276183702e-01
9.921917490721962052e-01
9.923608826551434392e-01
9.925241503252654196e-01
9.926816286522810451e-01
9.928334151835934707e-01
9.929832538995905233e-01
9.931237934262212574e-01
9.932590395097541380e-01
9.933921398458435137e-01
9.935170678569460456e-01
9.936398198511741109e-01
9.937600707835780867e-01
9.944551840935209608e-01
9.953769893257748969e-01
9.954633972725808189e-01
9.955435378759799336e-01
9.956163274003795305e-01
9.956832376664168649e-01
