6.549100144460639967e+02
5.483731130500046902e+02
5.492110433952257154e+02
6.267349925844766858e+02
6.266269920826017596e+02
6.440543761315753954e+02
7.043714735172068231e+02
6.690508758403490219e+02
6.550042473418837972e+02
6.882275757000844578e+02
6.915467363651783899e+02
6.791463813898834587e+02
6.861848591951380740e+02
6.909900502780619718e+02
7.116449860929963052e+02
7.269119528197087448e+02
7.464046169353144933e+02
7.411195642901269593e+02
7.431513937656841335e+02
7.500090994903008550e+02
7.608758818212768347e+02
7.726383983243101738e+02
7.839458013032540293e+02
7.909729810648968851e+02
7.984066858491845551e+02
8.053916508792279956e+02
8.154831559217257109e+02
8.215911359470418347e+02
8.256832077780940153e+02
8.331581657212705068e+02
8.376001053003178640e+02
8.418699874818136095e+02
8.457002943995651094e+02
8.487137914288123284e+02
8.514319933793368591e+02
8.546063788827940471e+02
8.564210749792966908e+02
8.589924021331629547e+02
8.627827034997093278e+02
8.656845907601962153e+02
8.662290126978389253e+02
8.684052602209169436e+02
8.699494643423788602e+02
8.712862716929726048e+02
8.718083666182652678e+02
8.728598113820762592e+02
8.743931906581847215e+02
8.751463157911088047e+02
8.768234088302184546e+02
8.790871711631398284e+02
8.815934959344184563e+02
8.859618275459669121e+02
8.901512384948962335e+02
8.967654290825688577e+02
9.031465804479887538e+02
9.060849136762749367e+02
9.074267770788901544e+02
9.090154891918666635e+02
9.148106546120749272e+02
9.263072018618200900e+02
9.278635087859310033e+02
9.293998707429195747e+02
9.306038868037713883e+02
9.318059080329899189e+02
