9.655555322099023119e-01
9.673140102400592522e-01
9.688920176771955717e-01
9.702959450888941628e-01
9.716152258969933397e-01
9.727895577912525349e-01
9.738935943199343859e-01
9.749185389962927717e-01
9.758397971520751391e-01
9.767136746104285727e-01
9.775317632242397359e-01
9.782727487803027921e-01
9.789855438105831142e-01
9.796477467400638295e-01
9.802557358566368340e-01
9.808521144298232297e-01
9.813934432930623286e-01
9.819004805660539459e-01
9.824070556989381586e-01
9.828558925672924440e-01
9.836238501327997374e-01
9.843413496085714476e-01
9.849803422573246703e-01
9.855791525507179296e-01
9.861139301183328154e-01
9.866183544987503495e-01
9.870749893038230915e-01
9.874980208332241327e-01
9.878983996979048277e-01
9.882704642213422375e-01
9.886143275948372500e-01
9.889279985484006330e-01
9.892322015773685751e-01
9.895148624253943259e-01
9.897800923281466767e-01
9.900246044358529396e-01
9.902595166557965900e-01
9.904801039187722811e-01
9.907807848439150744e-01
9.909925857070039923e-01
9.911989663117620752e-01
9.914061939213821839e-01
9.916007586015175290e-01
9.917837284110027074e-01
9.919614504697572555e-01
9.921389080617173395e-01
9.923103861919189139e-01
9.924714728802261909e-01
9.926272408838371364e-01
9.927777357284293114e-01
9.929230243229896224e-01
9.930666734328262857e-01
9.932016109833480266e-01
9.933316523715520763e-01
9.934598091992641322e-01
9.935802585973708689e-01
9.936987623027113692e-01
9.938149979776031984e-01
9.944897420203239191e-01
9.953919646869783255e-01
9.954769658538522581e-01
9.955558665205890279e-01
9.956275836733075035e-01
9.956935532011880197e-01
