6.983422438540110306e+02
5.936769593554158746e+02
5.930411156351844966e+02
6.664419341200211875e+02
6.651522464695691497e+02
6.806202059079780611e+02
7.363712711970782721e+02
7.023198497931870179e+02
6.882115340245409243e+02
7.186013598591279106e+02
7.211324989108147747e+02
7.088691411460956715e+02
7.148109949277614987e+02
7.186004537045321285e+02
7.372757459551681904e+02
7.506694883916420622e+02
7.683922218387762086e+02
7.631498285415316332e+02
7.645814621501933743e+02
7.705334982478495931e+02
7.798273020018787065e+02
7.899509190403275625e+02
7.996833002618109276e+02
8.055469223620103776e+02
8.118072862606240960e+02
8.176684168161863226e+02
8.263841619271516947e+02
8.315088430658202014e+02
8.348227068875057739e+02
8.411974692998924183e+02
8.448471400407387364e+02
8.483788786642909372e+02
8.514976800779727455e+02
8.539148473436508766e+02
8.560605157041934490e+02
8.586283344400591204e+02
8.599942350322464790e+02
8.620399480187002155e+02
8.650750422755093041e+02
8.674083611793781756e+02
8.676301866678004444e+02
8.692860803497515008e+02
8.704101049136214669e+02
8.713663389674497921e+02
8.715631265351353250e+02
8.722474665332491668e+02
8.733546947625736721e+02
8.738045907060732134e+02
8.750707375694278198e+02
8.768854149621141687e+02
8.789116885272729860e+02
8.826043870351352325e+02
8.861543106184477665e+02
8.918155747982270896e+02
8.972423174790078519e+02
8.995856096751797395e+02
9.004707647216614532e+02
9.015686295065216882e+02
9.046564072096030031e+02
9.112034788496537203e+02
9.121673648400108050e+02
9.131174061474123391e+02
9.137790811927226287e+02
9.146378137127042010e+02
