7.757542598504363696e+02
6.590806680486505229e+02
6.562519306722025476e+02
7.368193190727678257e+02
7.340806461402227114e+02
7.498981151400352019e+02
8.103682295663716104e+02
7.716809840361271426e+02
7.553684242646019129e+02
7.879116324872592259e+02
7.893405851205903900e+02
7.748414657410273776e+02
7.804935503080700983e+02
7.839895365507887846e+02
8.037956103907895340e+02
8.181959709943065491e+02
8.364498501495231721e+02
8.296577273715355432e+02
8.303484283255224909e+02
8.360616986923253080e+02
8.449069768448058539e+02
8.546862338135730397e+02
8.641296313045554598e+02
8.692900335361963471e+02
8.750099874440530812e+02
8.803012467434311930e+02
8.888094147113667987e+02
8.934003244355226343e+02
8.960126255982414705e+02
9.020688367132878511e+02
9.051566286650825077e+02
9.081683831257957991e+02
9.107483580018671319e+02
9.125851718437827458e+02
9.141670681837022130e+02
9.162733444837423349e+02
9.170610775690590799e+02
9.186290938023589661e+02
9.210351583458509594e+02
9.229295520649660602e+02
9.225082979454901988e+02
9.236693445484611402e+02
9.242649918445033563e+02
9.246981174690915850e+02
9.243273294770037865e+02
9.244741109482035881e+02
9.251125668658933137e+02
9.250355642252960706e+02
9.258835262688780858e+02
9.273372839816440774e+02
9.290567648042591600e+02
9.326207528251861731e+02
9.360638399708020643e+02
9.419141027404709803e+02
9.475388935655804517e+02
9.497858288254335548e+02
9.504396155526339953e+02
9.513400814524786711e+02
9.530871848706378842e+02
9.588033370625526004e+02
9.598064834539510457e+02
9.608036517366747375e+02
9.615287659220373371e+02
9.622737086502075954e+02
