4.750681626156660968e+02
4.096326919250658989e+02
4.193482063605813437e+02
4.887672148590205552e+02
4.976048157983026385e+02
5.194461662137994153e+02
5.765710558778280301e+02
5.544947646861642170e+02
5.491620067302749248e+02
5.830645307740578573e+02
5.910113705088759843e+02
5.851166170413035843e+02
5.957900684182559417e+02
6.043441498406742767e+02
6.264140711650378535e+02
6.441476404125401132e+02
6.646198662002556148e+02
6.629043352763819712e+02
6.678306403536948892e+02
6.767211973371934164e+02
6.912502580308510005e+02
7.063011289490939362e+02
7.204896361651113921e+02
7.304543557147269439e+02
7.404361024854200650e+02
7.498045196486780242e+02
7.618106924314193975e+02
7.698857065665531536e+02
7.759196643791765382e+02
7.849986010873832356e+02
7.910394935916053782e+02
7.967457845251547042e+02
8.019774752916486023e+02
8.063079197181410791e+02
8.102566316269266053e+02
8.145325553507998393e+02
8.174482344085465684e+02
8.210045747459870427e+02
8.261207954071147697e+02
8.299353060442493870e+02
8.314557471679196397e+02
8.345384862918914450e+02
8.369467121952523030e+02
8.390916354400479804e+02
8.404172690392730374e+02
8.422455829157904645e+02
8.445063194828517226e+02
8.459562542862952341e+02
8.482706438531772619e+02
8.511249149200094735e+02
8.541873438993042100e+02
8.590546733057146866e+02
8.637123422128300945e+02
8.707184313602178918e+02
8.775080458942596806e+02
8.809158073107558948e+02
8.827543131275650694e+02
8.848206802626324361e+02
8.934494959630389985e+02
9.085489150699733045e+02
9.104327665304667789e+02
9.122684352776966534e+02
9.137486360690783158e+02
9.152026975326466527e+02
