6.206304808612505894e+02
4.869632294898229361e+02
4.719386675250403300e+02
5.680485694633530329e+02
5.599780462188786032e+02
5.755350880616294944e+02
6.500464633474311995e+02
5.981739134771623867e+02
5.792659031240709737e+02
6.196582988661214131e+02
6.152750982323374274e+02
5.953329129299023634e+02
6.023467273268412328e+02
6.094679573134253587e+02
6.357932426303003695e+02
6.617068245293733071e+02
6.798783135266717181e+02
6.678490739530085420e+02
6.681974076132579512e+02
6.748224092907317981e+02
6.869414198589219041e+02
7.006282565498178201e+02
7.142335306620228721e+02
7.214754764561793081e+02
7.301011027205372557e+02
7.381220520362719526e+02
7.506812674397123146e+02
7.575815849418798962e+02
7.616673847165022835e+02
7.709896715057950587e+02
7.759472591513106181e+02
7.806371475200801342e+02
7.848451078464879629e+02
7.878173186695037202e+02
7.905827995259295449e+02
7.941494321983544751e+02
7.956160476687567780e+02
7.982065968249463594e+02
8.021493442266214515e+02
8.051193824882840318e+02
8.048623814695954479e+02
8.069265213931364542e+02
8.079517518679857631e+02
8.085745951644796605e+02
8.081179902430512811e+02
8.082944308661632249e+02
8.091782235566391819e+02
8.086052865914350605e+02
8.093606251377005947e+02
8.108000505164802689e+02
8.123847352404789035e+02
8.168984370284792931e+02
8.211114346474701051e+02
8.295266851362504212e+02
8.381952834355388404e+02
8.420222515317377656e+02
8.435920544904718099e+02
8.455568741269070188e+02
8.525517348904054415e+02
8.674610964410911720e+02
8.693718848881148915e+02
8.715111434858258690e+02
8.732494374145138636e+02
8.750622893590742706e+02
