1.138351344550758768e+03
1.183956127913221508e+03
1.193250900153319890e+03
1.157980097096777854e+03
1.161456956100925709e+03
1.156233829424202440e+03
1.128344071884668210e+03
1.147158314258600512e+03
1.152236705193487978e+03
1.136631614517491471e+03
1.138927469118367071e+03
1.145491497233419523e+03
1.141770444802125894e+03
1.137143356640502134e+03
1.126144616009572246e+03
1.113224691129732719e+03
1.107285246453870741e+03
1.111509045340741750e+03
1.110404698636213652e+03
1.107207560837819528e+03
1.100740003438627127e+03
1.093683889115903867e+03
1.086653222487798985e+03
1.082198893700647659e+03
1.077135005837948029e+03
1.072388450216954425e+03
1.066042453553572841e+03
1.061885704918274996e+03
1.058845078250714096e+03
1.053781422688193743e+03
1.050520573685487307e+03
1.047448262668782036e+03
1.044547631628867066e+03
1.042166880424577585e+03
1.039950454789106971e+03
1.037438926618228152e+03
1.035753298221031628e+03
1.033771458264998273e+03
1.030839279598350004e+03
1.028776538717357425e+03
1.027775935580343912e+03
1.026033154271299736e+03
1.024646909053350555e+03
1.023471934103237231e+03
1.022756089868681556e+03
1.021818813246588888e+03
1.020691024843256628e+03
1.020126589380221390e+03
1.019208648190050894e+03
1.018120513324616240e+03
1.017022080943341734e+03
1.014913136150430432e+03
1.012946430242633824e+03
1.009397220366525744e+03
1.005532682547771742e+03
1.003267492497461603e+03
1.001849651206865360e+03
1.000333907895223319e+03
9.924106654900510875e+02
9.795720421208465041e+02
9.783194199806110873e+02
9.764988674620944948e+02
9.755223510717892168e+02
9.740603545015380860e+02
