1.072067244074048631e+03
1.108081992631237881e+03
1.118256968673958454e+03
1.091126968578493006e+03
1.095194523936915402e+03
1.092222945466181272e+03
1.070275531117603805e+03
1.086591929207125759e+03
1.091053510522521719e+03
1.078963099155339023e+03
1.082052076705641866e+03
1.088164011629477727e+03
1.085642691951216420e+03
1.082063231586105530e+03
1.073291975973833587e+03
1.062250068826764391e+03
1.058240262378773423e+03
1.062541619175627602e+03
1.062128280880703187e+03
1.059916896920643012e+03
1.055133010186115598e+03
1.049790264012084890e+03
1.044369031241831863e+03
1.041190577756201492e+03
1.037371419143617914e+03
1.033816485564775803e+03
1.028794018951506587e+03
1.025667290576293226e+03
1.023512811551219329e+03
1.019505172446644224e+03
1.017086034873715448e+03
1.014797302936742994e+03
1.012650950722671041e+03
1.010944953657277892e+03
1.009368941002453084e+03
1.007490896179352717e+03
1.006349993504906934e+03
1.004934682450664468e+03
1.002793889907427342e+03
1.001306426638426387e+03
1.000762891675832634e+03
9.995661224031504162e+02
9.986688088438055502e+02
9.979517153689831730e+02
9.976550246448833832e+02
9.971624723804640098e+02
9.964924623055982238e+02
9.963235892673783383e+02
9.958327193675397666e+02
9.951809599846317269e+02
9.945132652965371562e+02
9.929074717122122138e+02
9.914065923002368663e+02
9.884144061190758066e+02
9.850969933107301131e+02
9.832379503629251758e+02
9.821720890310637060e+02
9.810142817608946189e+02
9.750924418682194528e+02
9.651442977435253852e+02
9.641614765475426339e+02
9.626233197026490416e+02
9.618846979337902212e+02
9.606754535717021781e+02
