6.663142397188570385e+02
5.599908670130826067e+02
5.599465922607738548e+02
6.367395554710552688e+02
6.361597646283856875e+02
6.530301707020624917e+02
7.125232111847568603e+02
6.771947743551276062e+02
6.630577848856233913e+02
6.957789023424032848e+02
6.987557675767197907e+02
6.862274124032063582e+02
6.930267628038055818e+02
6.976613014572086513e+02
7.180257298327053377e+02
7.331317057305275284e+02
7.522472703728188890e+02
7.468319425909530764e+02
7.487100678720271389e+02
7.553909840868344645e+02
7.659845155617572345e+02
7.774822085622190571e+02
7.885504491137451168e+02
7.953743714661509330e+02
8.026259054358941967e+02
8.094369401000500375e+02
8.193473029350917614e+02
8.253102346746920830e+02
8.292759152604967312e+02
8.366128446550824265e+02
8.409404904600181681e+02
8.451060813838839749e+02
8.488374438561097577e+02
8.517634433546916171e+02
8.543988501099609039e+02
8.574942724185464158e+02
8.592413227156425819e+02
8.617411450468903240e+02
8.654349219199275467e+02
8.682652553394509596e+02
8.687555083500831188e+02
8.708652661273408739e+02
8.723518752649094949e+02
8.736347426696599996e+02
8.741069027354831178e+02
8.751058658146293965e+02
8.765850586912594054e+02
8.772920578081766507e+02
8.789183409518841472e+02
8.811302714650803409e+02
8.835856326803170759e+02
8.878955405283717255e+02
8.920324844526871857e+02
8.985846622173720561e+02
9.049087600470073767e+02
9.078078252350296680e+02
9.091154443907622635e+02
9.106687262053769700e+02
9.162803308254697185e+02
9.275170107621022453e+02
9.290493724369853226e+02
9.305603343470191930e+02
9.317435174199806625e+02
9.329245532991858454e+02
