9.779205607967198510e-01
9.790010892840589340e-01
9.799743740306001705e-01
9.808432586061193170e-01
9.816623579493938268e-01
9.823936256726328864e-01
9.830830115305069228e-01
9.837246798493312072e-01
9.843028287419924860e-01
9.848524811140693114e-01
9.853681513091052668e-01
9.858361579951665510e-01
9.862872111269612718e-01
9.867070072674875014e-01
9.870930850841221904e-01
9.874724013314312154e-01
9.878172338091594229e-01
9.881406839277724341e-01
9.884642896111781596e-01
9.887513910643678239e-01
9.892434564643121098e-01
9.897041568803154332e-01
9.901152450989378906e-01
9.905011722627018456e-01
9.908464017482632169e-01
9.911725353947442585e-01
9.914681926283106517e-01
9.917424535980735589e-01
9.920023506273210057e-01
9.922441511089931110e-01
9.924678681270655556e-01
9.926721477989145503e-01
9.928704500338670913e-01
9.930548767481702788e-01
9.932280775665306427e-01
9.933878759951546566e-01
9.935415154826786610e-01
9.936858889289065244e-01
9.938828443805922674e-01
9.940216924452369707e-01
9.941570763668841071e-01
9.942931046383666205e-01
9.944209017722502875e-01
9.945411546994726848e-01
9.946580252877035289e-01
9.947747875288934782e-01
9.948876777243916836e-01
9.949937826330996771e-01
9.950964356009569522e-01
9.951956614630462772e-01
9.952914993858089643e-01
9.953862989812277684e-01
9.954753885138629688e-01
9.955612811968619358e-01
9.956459633863469216e-01
9.957255836920194669e-01
9.958039470587891628e-01
9.958808387299171727e-01
9.963277378544553864e-01
9.969267272331752139e-01
9.969832415867960762e-01
9.970357122053410404e-01
9.970834158189952889e-01
9.971273048299867936e-01
