6.485218620877475360e+02
5.428372192339825233e+02
5.440243248082676928e+02
6.214941140871843572e+02
6.216624028950734555e+02
6.392826832849474386e+02
6.996753702954716800e+02
6.646434664923095852e+02
6.508052907531202891e+02
6.841310767041752570e+02
6.876125276455979929e+02
6.753806862879185928e+02
6.825433297974470861e+02
6.874641506234846702e+02
7.082026844185129448e+02
7.235555709992347602e+02
7.431376355206964490e+02
7.379579287208892993e+02
7.400846604397326018e+02
7.470217090528308290e+02
7.580243611096104814e+02
7.699134147669540198e+02
7.813338713095197363e+02
7.884694833929506785e+02
7.959990780785908555e+02
8.030749511449553211e+02
8.132477400347726189e+02
8.194318787552168715e+02
8.235963340752495014e+02
8.311378702148264210e+02
8.356419846562434941e+02
8.399682791802032398e+02
8.438533291053040557e+02
8.469174244863930880e+02
8.496832873156057531e+02
8.529014591023287721e+02
8.547578712015946394e+02
8.573687578116162058e+02
8.612125890975486300e+02
8.641524254465738295e+02
8.647332298017396397e+02
8.669465102695284031e+02
8.685250025152191711e+02
8.698939773679193195e+02
8.704474055173383249e+02
8.715300530509617829e+02
8.730937039035379712e+02
8.738747631843457384e+02
8.755791450362204387e+02
8.778691746745837463e+02
8.804007064967534006e+02
8.847942229828209975e+02
8.890068599922695967e+02
8.956441404246451157e+02
9.020479640041711491e+02
9.050071596286013573e+02
9.063696520759112900e+02
9.079787289827389714e+02
9.138902191487829896e+02
9.255417562294976506e+02
9.271123280009119298e+02
9.286624337616622142e+02
9.298786262196267671e+02
9.310921673471028726e+02
