9.833485066919276374e-01
9.841677017112776538e-01
9.849052098702990587e-01
9.855633039438985721e-01
9.861834276248341302e-01
9.867368402178410269e-01
9.872583711530567019e-01
9.877436408468877049e-01
9.881807393188184463e-01
9.885961759274397576e-01
9.889858240447688686e-01
9.893393696271929327e-01
9.896800294527249298e-01
9.899970130441601013e-01
9.902884773657260054e-01
9.905747821636393668e-01
9.908350116308836109e-01
9.910790638971854749e-01
9.913231939294403494e-01
9.915397517938848715e-01
9.919108394978932708e-01
9.922581905477156905e-01
9.925680681192533550e-01
9.928589212290197530e-01
9.931190549608006624e-01
9.933647584572721234e-01
9.935874668479697247e-01
9.937940286756147268e-01
9.939897459955187031e-01
9.941718126977764358e-01
9.943402435883919033e-01
9.944940241057728114e-01
9.946432897930861383e-01
9.947820978186161511e-01
9.949124450439204015e-01
9.950326958895645557e-01
9.951483029603208630e-01
9.952569296292410606e-01
9.954051063664109966e-01
9.955095580239313735e-01
9.956113967074724513e-01
9.957137131318782863e-01
9.958098319902063400e-01
9.959002710788475987e-01
9.959881611811135516e-01
9.960759646677820323e-01
9.961608515529479790e-01
9.962406319220559192e-01
9.963178127407865681e-01
9.963924130807135793e-01
9.964644627701837454e-01
9.965357284582542219e-01
9.966026985186781095e-01
9.966672626272313762e-01
9.967309141104302439e-01
9.967907583608884847e-01
9.968496555416221927e-01
9.969074443641403604e-01
9.972432725348555627e-01
9.976932731250729436e-01
9.977357234967043631e-01
9.977751353696366898e-01
9.978109657389637732e-01
9.978439301900435821e-01
