2.252086655087914835e+02
2.077367425808995733e+02
2.259593015818683739e+02
2.792837003047221742e+02
2.983735653699914678e+02
3.249094068820124335e+02
3.757808306643628384e+02
3.728739017395677138e+02
3.800554010171541677e+02
4.150148155727118251e+02
4.305281582256403681e+02
4.348510835365804041e+02
4.515208227432454464e+02
4.661847149086684112e+02
4.910678914795685159e+02
5.129632921173632667e+02
5.360102292013557417e+02
5.404236976938036605e+02
5.504280594769151094e+02
5.630904955180593561e+02
5.842903055153225296e+02
6.053916622724697163e+02
6.248888403941332399e+02
6.401302869146752528e+02
6.546766997802544665e+02
6.682932008706953866e+02
6.838022038511137453e+02
6.953355476205791774e+02
7.047086894971243964e+02
7.166098251008002080e+02
7.253772257523883127e+02
7.335176827489852940e+02
7.410956892980325392e+02
7.476002367539091438e+02
7.535640500987428823e+02
7.596408811864074551e+02
7.643178824526808057e+02
7.694613761612956750e+02
7.766966852494894056e+02
7.819668202678764146e+02
7.849842518264927094e+02
7.894796269809489786e+02
7.932136216640683415e+02
7.965898573908392564e+02
7.991224105797778066e+02
8.021182778331636882e+02
8.054739297320701326e+02
8.079562596329247981e+02
8.112246256083421940e+02
8.149669421421145898e+02
8.188652319247590867e+02
8.245009658653934821e+02
8.298723887506520214e+02
8.375031652827491371e+02
8.449255504604514044e+02
8.490097877886793185e+02
8.515466393743676008e+02
8.542850357400321855e+02
8.667868032312675268e+02
8.866733254179192727e+02
8.889830708530555512e+02
8.912107126222146007e+02
8.930480627171722290e+02
8.948293011016295395e+02
