1.041447727975136184e+00
1.041389622256910341e+00
1.041323570958547995e+00
1.041250792252747637e+00
1.041167450338160494e+00
1.041078387078678391e+00
1.040979259044361838e+00
1.040871355549248589e+00
1.040759041102074622e+00
1.040636915212138858e+00
1.040506751796431484e+00
1.040373772146061082e+00
1.040230525743054857e+00
1.040082306592400530e+00
1.039931878542627475e+00
1.039769504526246946e+00
1.039608088942805875e+00
1.039443595086745997e+00
1.039265194319342500e+00
1.039094346359129784e+00
1.038771199573246484e+00
1.038429834451196632e+00
1.038089388696897597e+00
1.037735281582535363e+00
1.037387067386130068e+00
1.037028019051266625e+00
1.036674858720172621e+00
1.036321658930737799e+00
1.035962356685546926e+00
1.035604919310118222e+00
1.035252900519672226e+00
1.034912377642869696e+00
1.034563297056538156e+00
1.034221302917574192e+00
1.033884061671340504e+00
1.033558400130214272e+00
1.033231512483917092e+00
1.032911465405168761e+00
1.032453738350777694e+00
1.032115703735211332e+00
1.031773305201897140e+00
1.031416031684959433e+00
1.031067802714468629e+00
1.030728585115952445e+00
1.030387798572189206e+00
1.030036014587682791e+00
1.029684784096853267e+00
1.029344383755556702e+00
1.029005286478742009e+00
1.028668111292815990e+00
1.028333433687232068e+00
1.027993434435585440e+00
1.027665596870479980e+00
1.027341707855059072e+00
1.027014699643941098e+00
1.026700127852087974e+00
1.026383653046561095e+00
1.026066367162738358e+00
1.024083278356885840e+00
1.021022167717676954e+00
1.020707904184006143e+00
1.020412070757526157e+00
1.020139706757483555e+00
1.019886243756467525e+00
