1.363313687941625176e+03
1.500707897573061473e+03
1.489472374642031355e+03
1.388338281372747360e+03
1.386031956023825387e+03
1.360728142561495815e+03
1.283817796171593500e+03
1.326877668054504738e+03
1.345227965327766469e+03
1.302213344042013659e+03
1.296479586245236078e+03
1.311244599055183471e+03
1.302081856022985221e+03
1.296155522809816603e+03
1.270572158686089551e+03
1.252791779470130450e+03
1.227553538825754231e+03
1.233376682897468982e+03
1.230556652454750747e+03
1.221935078061231479e+03
1.208356764032303317e+03
1.193721217225274358e+03
1.179614801852912933e+03
1.170728882664562207e+03
1.161443081344804114e+03
1.152588845624302849e+03
1.140082392721009001e+03
1.132447771122091581e+03
1.127266784342717528e+03
1.117983163253732982e+03
1.112278340146266601e+03
1.106904579359024865e+03
1.102012522189221954e+03
1.098212697931755201e+03
1.094661309413824711e+03
1.090579789417955908e+03
1.088290666060642934e+03
1.084902825995603962e+03
1.080066551088609913e+03
1.076254449369318309e+03
1.075439653893228751e+03
1.072449835019195689e+03
1.070422984817853603e+03
1.068676492120390549e+03
1.067801718767524790e+03
1.066336518485755278e+03
1.064247229759063202e+03
1.063350015862662985e+03
1.061241666877266198e+03
1.058561873242158754e+03
1.055719398786236752e+03
1.050616471453658050e+03
1.046060481723620796e+03
1.038304397191436237e+03
1.030805405850099305e+03
1.027329521137931806e+03
1.025448229196479588e+03
1.023228696334643701e+03
1.014622478375804008e+03
9.979225796240554018e+02
9.959899344287315444e+02
9.953029909768317793e+02
9.938231161126243478e+02
9.929505068294597550e+02
