1.367370596399242231e+03
1.513326601407460885e+03
1.495704614923099143e+03
1.388719586007503040e+03
1.384680524226245097e+03
1.356216941568289030e+03
1.274208660337783385e+03
1.319264423978006107e+03
1.339847251083048377e+03
1.293887532805126966e+03
1.286338738031633739e+03
1.301963338755762834e+03
1.292554154463498890e+03
1.287374832922405403e+03
1.260722060589025659e+03
1.244242926503602575e+03
1.215966484097830062e+03
1.221756108486959874e+03
1.219015735618223061e+03
1.209963449014250727e+03
1.196258632155888790e+03
1.181431180880765396e+03
1.167161865385235615e+03
1.158313302148550292e+03
1.149174205056335722e+03
1.140417920002745404e+03
1.127666676613903292e+03
1.120142104679366867e+03
1.115196658479145071e+03
1.105905495578540695e+03
1.100329508360031696e+03
1.095091124657443515e+03
1.090367485945597991e+03
1.086817708849441260e+03
1.083459996068847431e+03
1.079549945680602377e+03
1.077578041850380032e+03
1.074300801624739051e+03
1.069674977016821231e+03
1.065898885228455583e+03
1.065475995527864825e+03
1.062577606006809219e+03
1.060790594086147394e+03
1.059272875412631265e+03
1.058638043058945868e+03
1.057370844103622176e+03
1.055354169616218314e+03
1.054687302708856578e+03
1.052606389917443266e+03
1.049861729018997039e+03
1.046928170388539229e+03
1.041508200587348938e+03
1.036726787608022278e+03
1.028455369224912147e+03
1.020616852757338961e+03
1.017228791619584399e+03
1.015535860749650055e+03
1.013407580466751938e+03
1.006287365891922491e+03
9.923677026600907993e+02
9.878170454585832658e+02
9.888757433316186507e+02
9.875633737561618091e+02
9.849316089327597865e+02
