1.019818874306688258e+03
9.930322683882053525e+02
1.005216874844783206e+03
1.021007972662468774e+03
1.024834302470245575e+03
1.031341892657855396e+03
1.041384897662700496e+03
1.038217612130409861e+03
1.033794401743226672e+03
1.039003312756636660e+03
1.044109636529122554e+03
1.042986982193183621e+03
1.043469777271210887e+03
1.041229210730021350e+03
1.042584822950720536e+03
1.037664461810195007e+03
1.044195402046921345e+03
1.045554744999677041e+03
1.045602448476290419e+03
1.046503106510221414e+03
1.046217385498926433e+03
1.045808824293614862e+03
1.045141953470607405e+03
1.044590254513755326e+03
1.043594981281037462e+03
1.042660623550184482e+03
1.041897366624411461e+03
1.041058522124882529e+03
1.040190002823182567e+03
1.039191022892516003e+03
1.038290798009988748e+03
1.037499605958114216e+03
1.036608961371365922e+03
1.035803462762885374e+03
1.034985294089740819e+03
1.034133429667738483e+03
1.033328944796685391e+03
1.032692957783853899e+03
1.031745839465081417e+03
1.031204667379714920e+03
1.030417902951774522e+03
1.029777211583926601e+03
1.029179597094809196e+03
1.028712653378893719e+03
1.028226592689418567e+03
1.027832577689013988e+03
1.027500654401603015e+03
1.027364752165471600e+03
1.027309915725860265e+03
1.027492102115945499e+03
1.027800580438054112e+03
1.028028716521522938e+03
1.028292951570253308e+03
1.028264552629831769e+03
1.027705794996225450e+03
1.026873158059160687e+03
1.026120181843115461e+03
1.025398385591236320e+03
1.020147880849142666e+03
1.012797518921471124e+03
1.012183449496384355e+03
1.011523815847570290e+03
1.010947735958223120e+03
1.010528340106842165e+03
