9.590371102828654237e-01
9.611703879956657870e-01
9.630813761423971942e-01
9.647788277210853636e-01
9.663715528723578752e-01
9.677873095206908083e-01
9.691165933736990423e-01
9.703491287979614244e-01
9.714557101640599601e-01
9.725042560410942505e-01
9.734848581867490136e-01
9.743721927621257217e-01
9.752249997426759576e-01
9.760165937690233884e-01
9.767427954832176296e-01
9.774545794188109760e-01
9.781001851982704665e-01
9.787044795011072829e-01
9.793078194951796434e-01
9.798420524926302333e-01
9.807553751149561405e-01
9.816078270121216809e-01
9.823662969500445152e-01
9.830764583740598805e-01
9.837101736208692104e-01
9.843074783147306439e-01
9.848478209539229811e-01
9.853480817560414939e-01
9.858212702295877650e-01
9.862607461035710621e-01
9.866666966016692797e-01
9.870368224560263082e-01
9.873956108821020372e-01
9.877288450564178923e-01
9.880414006862376919e-01
9.883294309081261941e-01
9.886060522009880724e-01
9.888657152804450901e-01
9.892195197173552224e-01
9.894686435376337519e-01
9.897113143373972299e-01
9.899549039036396048e-01
9.901835381383795598e-01
9.903984848698363930e-01
9.906072088929390729e-01
9.908155654502750487e-01
9.910168474263099103e-01
9.912058835665947809e-01
9.913886337275052973e-01
9.915651558183556924e-01
9.917355326232936141e-01
9.919039495671062578e-01
9.920621192086275242e-01
9.922145188794300186e-01
9.923646804167686186e-01
9.925057844588588418e-01
9.926445839825186468e-01
9.927807028369206588e-01
9.935703985583987929e-01
9.946251027385507593e-01
9.947243996179808700e-01
9.948165594897031561e-01
9.949003199466206482e-01
9.949773603145596335e-01
