1.081839864348087321e+00
1.081135656396746247e+00
1.080412732750570148e+00
1.079686421172092903e+00
1.078922843320194946e+00
1.078168903015009450e+00
1.077388969630611149e+00
1.076596655258266200e+00
1.075822880998903441e+00
1.075030051920746743e+00
1.074231472145869448e+00
1.073457349553869955e+00
1.072663678884209659e+00
1.071880253633824109e+00
1.071119283223883611e+00
1.070331638545046316e+00
1.069579276479949881e+00
1.068840465179581312e+00
1.068067622207583778e+00
1.067352421127866435e+00
1.066058371475588684e+00
1.064763610699383634e+00
1.063535491670335009e+00
1.062315921165721599e+00
1.061166979786948517e+00
1.060028466950279524e+00
1.058949440091564886e+00
1.057906708228549597e+00
1.056879818785271485e+00
1.055889144766313459e+00
1.054941089407758437e+00
1.054048037764229173e+00
1.053155293847856555e+00
1.052301470777128989e+00
1.051478347899338583e+00
1.050700146261553058e+00
1.049934515605829510e+00
1.049199122937348072e+00
1.048170353143377698e+00
1.047426948367043309e+00
1.046687291960206379e+00
1.045929095763849848e+00
1.045202790780019209e+00
1.044506754221116829e+00
1.043818376088958333e+00
1.043118706697607312e+00
1.042430719227443792e+00
1.041773599487081370e+00
1.041128050169798147e+00
1.040494761219921349e+00
1.039874313551151230e+00
1.039251996289457081e+00
1.038659286664914028e+00
1.038080543215644580e+00
1.037502868845140425e+00
1.036953247704319070e+00
1.036406121004360914e+00
1.035863260919499318e+00
1.032588143864441088e+00
1.027869256771233974e+00
1.027404311975381734e+00
1.026969593252284652e+00
1.026571832008977836e+00
1.026203748086658818e+00
