# D_lambda, wavelength
8.609796921514423957e+03
8.691249621447626851e+03
8.764291195748397513e+03
8.844712879265693118e+03
8.860737218026160917e+03
8.901994226274911853e+03
8.944182107860853648e+03
8.980815111267915199e+03
9.032743584316271154e+03
9.029248374770260853e+03
9.053479637876949710e+03
9.079346692951517980e+03
9.097590941422262404e+03
9.113368008693778393e+03
9.124606882784270056e+03
9.144986109899999065e+03
9.165978579386392084e+03
9.177676727735173699e+03
9.175218230997539649e+03
9.176279206725812401e+03
9.190389210388060746e+03
9.181208968040644322e+03
9.197996017859089989e+03
9.203356913462301236e+03
9.221639652681635198e+03
9.216666023295960258e+03
9.225275754621397937e+03
9.228758123761337629e+03
9.249047384333520313e+03
9.246263405615629381e+03
9.261155156324086420e+03
9.271600980538141812e+03
9.287536913636928148e+03
9.306494828437595061e+03
9.319161239225271856e+03
9.336177797365840888e+03
9.328736633434253235e+03
9.337053282413853594e+03
