# D_lambda, wavelength
8.868504091175122085e+03
8.828170567576344183e+03
8.767459534325338609e+03
8.721582670397132460e+03
8.711209072831738013e+03
8.683682189438046407e+03
8.649410389130474869e+03
8.620900903269279297e+03
8.588702239926804396e+03
8.570571615375998590e+03
8.545340136338230877e+03
8.521580410672524522e+03
8.501424696195192155e+03
8.482873306667748693e+03
8.466032460511141835e+03
8.444533464506021119e+03
8.425104932778704097e+03
8.410394712839552085e+03
8.400656197930067719e+03
8.388686940457911987e+03
8.375033715567913532e+03
8.370909089051359842e+03
8.357501497415209087e+03
8.339114403404179029e+03
8.323838975838105398e+03
8.313260569857595328e+03
8.301334749265975915e+03
8.291087361458670784e+03
8.277833140840295528e+03
8.268317688030047066e+03
8.252814380943163997e+03
8.239596624101674024e+03
8.225454352809079865e+03
8.203995367914718372e+03
8.185139971499610510e+03
8.171986165617428924e+03
8.169666765739491893e+03
8.146285743427351008e+03
