# D_lambda, wavelength
8.169010060620318654e+03
8.264793792112979645e+03
8.348652999944139083e+03
8.440125532561238288e+03
8.458625499590310937e+03
8.507682054988308664e+03
8.558222548759486017e+03
8.602812058611130851e+03
8.663184157540526940e+03
8.666583255022342200e+03
8.698505685950653060e+03
8.731807877937148078e+03
8.757038085346557637e+03
8.779847980833754264e+03
8.797907609864874757e+03
8.825052638106068116e+03
8.852505707672929930e+03
8.870345478368846670e+03
8.873553540409084235e+03
8.880371400053822072e+03
8.899900341936883706e+03
8.895747564985789722e+03
8.917747889456428311e+03
8.931221510143139312e+03
8.956549339436014634e+03
8.958106766294271438e+03
8.973177220504834622e+03
8.983448235556079453e+03
9.011033821850422100e+03
9.013367904606162483e+03
9.034001144000103523e+03
9.049497510869587131e+03
9.073835844435996478e+03
9.097944968014859114e+03
9.117194751797285790e+03
9.135820824238915520e+03
9.134434476939179149e+03
9.147110092426968549e+03
