# D_lambda, wavelength
6.469304383176499869e+03
6.582134939382422090e+03
6.743665341501503462e+03
6.882819109037763155e+03
6.912984232688823795e+03
6.989076796669269243e+03
7.081302748890294424e+03
7.157603919230370593e+03
7.255701589027996306e+03
7.276587680909662595e+03
7.337837326277684951e+03
7.398016920387995015e+03
7.444065510022413036e+03
7.485888852583056178e+03
7.520746322889571275e+03
7.574255413446140665e+03
7.624662795132741849e+03
7.655643247866716592e+03
7.665202803745607525e+03
7.681930541358572555e+03
7.714880406588297774e+03
7.707994081352143439e+03
7.744612142502882307e+03
7.775554188310995414e+03
7.815121514569534156e+03
7.821818879473751622e+03
7.845784249599141731e+03
7.859918592379888651e+03
7.899418202415353335e+03
7.907680200122890710e+03
7.941658451187882747e+03
7.971571015232825630e+03
8.011143949912091557e+03
8.059880258504459562e+03
8.104653180791343402e+03
8.150486497934150975e+03
8.145821450643686148e+03
8.190376949204325683e+03
