# D_lambda, wavelength
6.633808263880824597e+03
6.741900012866341967e+03
6.901689387840748168e+03
7.038368832860242037e+03
7.068001996104023419e+03
7.142166529971794262e+03
7.232606756098492042e+03
7.307032809880653986e+03
7.403256453795026573e+03
7.422254435243469743e+03
7.481685681747895615e+03
7.540028970536849556e+03
7.584312951129157227e+03
7.624303953935429490e+03
7.657362978296222536e+03
7.709242117943770609e+03
7.758039721902476231e+03
7.787350053330977062e+03
7.795271350061861085e+03
7.810383808909637992e+03
7.841957156800915982e+03
7.833381448091758102e+03
7.868575778683606586e+03
7.897496706905760220e+03
7.935005252994175862e+03
7.939782136033523784e+03
7.961816447160208554e+03
7.974263269890813717e+03
8.011192894164298195e+03
8.018380340635289031e+03
8.050172108296172155e+03
8.078715779284207201e+03
8.115783527374742334e+03
8.163823556922578064e+03
8.206019027156675293e+03
8.251626472467132771e+03
8.245858097363556226e+03
8.288122104132655295e+03
