# D_lambda, wavelength
7.935319440752541595e+03
8.026874947076101307e+03
8.108719962163224409e+03
8.198360283532379981e+03
8.216503180454526955e+03
8.264202218887128765e+03
8.313609131419874757e+03
8.357157299762719049e+03
8.416840592184837078e+03
8.418814692004450990e+03
8.449917458994372282e+03
8.482536960111030567e+03
8.507070520544002648e+03
8.529241186868262957e+03
8.546720297638699776e+03
8.573608266988052492e+03
8.600975000247479329e+03
8.618512368076870189e+03
8.621262605971623998e+03
8.627539695626241155e+03
8.647193750952243136e+03
8.642501656760614424e+03
8.664799063781147197e+03
8.678539934587781318e+03
8.704450868016632739e+03
8.706249952407097226e+03
8.721815099394958452e+03
8.732228051961166784e+03
8.760312253116908323e+03
8.763678942126261973e+03
8.786113178342437095e+03
8.802134660978344982e+03
8.827442664137264728e+03
8.852090593578499465e+03
8.873716242526308633e+03
8.893837515387192980e+03
8.892440568276539125e+03
8.909136049196074964e+03
