# D_lambda, wavelength
8.635103910707319301e+03
8.728434862898870051e+03
8.809363886574716162e+03
8.897850328320133485e+03
8.915629991773532311e+03
8.962781153824316789e+03
9.010937323480238774e+03
9.053334881015118299e+03
9.110940728273453715e+03
9.113170060343067234e+03
9.142889355256533236e+03
9.173938685227534734e+03
9.197245450725533374e+03
9.217985546845940917e+03
9.233994269660317514e+03
9.258789345891083940e+03
9.283845554261872167e+03
9.299710238014013157e+03
9.301329114055901300e+03
9.306198906928408178e+03
9.323679559732678172e+03
9.318100062990719380e+03
9.337905919731714675e+03
9.348124718723260230e+03
9.370275758001866052e+03
9.369327155582917840e+03
9.381501762466992659e+03
9.388292234916440066e+03
9.411472891644678384e+03
9.411691795202181311e+03
9.428773478070806959e+03
9.441968977738524700e+03
9.459345479895020617e+03
9.480315298934448947e+03
9.493778284746178542e+03
9.513038133923901114e+03
9.507100963925819087e+03
9.515205179197571852e+03
