# D_lambda, wavelength
9.176331656869151630e+03
9.144572912269888548e+03
9.085361855649787685e+03
9.040484981949537541e+03
9.030215505792637487e+03
9.003872244545797003e+03
8.969920250385121108e+03
8.941800097426177672e+03
8.908598272716950305e+03
8.892839497978255167e+03
8.867633185812739612e+03
8.843566177331729705e+03
8.823427759309997782e+03
8.804791382528765098e+03
8.787868598727711287e+03
8.765316593659199498e+03
8.744603119480554597e+03
8.729362338064649521e+03
8.719940589688058026e+03
8.707710203960772560e+03
8.692767862550354039e+03
8.689297589404732207e+03
8.674339830598288245e+03
8.654203246862613014e+03
8.636818382441013455e+03
8.625421117231857352e+03
8.611733239834551568e+03
8.599080521707879598e+03
8.583118894942565021e+03
8.571732153224598733e+03
8.553528612036841878e+03
8.538303610844621289e+03
8.519379420704686709e+03
8.494060177810402820e+03
8.471146573647003606e+03
8.456797410601346201e+03
8.451426576736143033e+03
8.424026882565049164e+03
