# D_lambda, wavelength
8.629888056898571449e+03
8.719597077901707962e+03
8.797849290832049519e+03
8.883405806307975581e+03
8.900522844849656394e+03
8.945396205134125921e+03
8.991149549890775234e+03
9.031144127634172037e+03
9.086292170996546702e+03
9.086007633129500391e+03
9.113222648801433024e+03
9.141841232301883792e+03
9.162723112099534774e+03
9.181029758974167635e+03
9.194649060178306172e+03
9.217169972751127716e+03
9.240084611512378615e+03
9.253736416413694315e+03
9.253172471549331021e+03
9.255957577287588720e+03
9.271535364103856409e+03
9.263949489646262009e+03
9.281986843496459187e+03
9.289341598549106493e+03
9.309133371117051865e+03
9.305737682877568659e+03
9.315662232494138152e+03
9.320302588031292544e+03
9.341527349320811481e+03
9.339741046002103758e+03
9.355209890423820980e+03
9.366525238265310691e+03
9.382634348569563372e+03
9.402096815426031753e+03
9.414634822322188484e+03
9.432317326575233892e+03
9.425159952208938194e+03
9.432867585789317673e+03
