# D_lambda, wavelength
9.182672204722019160e+03
9.155543049776726548e+03
9.099739527559158887e+03
9.058633415104710366e+03
9.049222859630945095e+03
9.025890411402891914e+03
8.995125142332582982e+03
8.970244074864685899e+03
8.940318728741680388e+03
8.928191753841185346e+03
8.906519635240361822e+03
8.885909484429466829e+03
8.869304234021768934e+03
8.854276335211630794e+03
8.840971354845294627e+03
8.821816666344961050e+03
8.804330295427598685e+03
8.792551050568974460e+03
8.786713068957507858e+03
8.777914878472793134e+03
8.766035659248273078e+03
8.766089494872563591e+03
8.754018987899293279e+03
8.738826156539536896e+03
8.725479771974241885e+03
8.718596587292793629e+03
8.709013312601431608e+03
8.700434494812059711e+03
8.688047590287851563e+03
8.680657940647874057e+03
8.665545246512529047e+03
8.653965588311884858e+03
8.637612881485567414e+03
8.615093457178258177e+03
8.594158828697851277e+03
8.582866369954090260e+03
8.580450314378484109e+03
8.554137614332214071e+03
