# D_lambda, wavelength
9.339133522341946446e+03
9.274643847397956051e+03
9.194992372878907190e+03
9.131327128152455771e+03
9.117191088569565181e+03
9.078718012851983076e+03
9.032978425973726189e+03
8.994209712731350010e+03
8.950741020758545346e+03
8.926014660196045952e+03
8.892135130676659173e+03
8.860100125431925335e+03
8.832608689464783311e+03
8.807064570316435493e+03
8.783694283142518543e+03
8.755279537673521190e+03
8.729322729694733425e+03
8.708983510111844225e+03
8.694719440597409630e+03
8.678064345293390943e+03
8.659237425971632547e+03
8.651670154026791351e+03
8.633161630042463003e+03
8.608048787437150168e+03
8.586338656196623560e+03
8.570758117152910927e+03
8.553364570695886869e+03
8.537707643028414168e+03
8.519188118106812908e+03
8.504369329994877262e+03
8.484944710467456389e+03
8.466277850812110046e+03
8.446346361158484797e+03
8.418795998797579159e+03
8.395375950585148530e+03
8.380196944931973121e+03
8.371432726851924599e+03
8.345703570957319243e+03
