# D_lambda, wavelength
6311.6207889138
6428.7287043761
6591.7336858643
6733.1136780568
6763.7547151327
6841.5850545971
6935.3967676011
7013.4089691688
7113.2328770667
7135.8277257474
7198.7702087138
7260.5978751643
7308.3163337168
7351.8272170929
7388.3454463071
7443.371091709
7495.2913847414
7527.8511624168
7538.9657277017
7556.9746730136
7591.3587231193
7585.8563407154
7623.837805774
7656.9946696171
7698.5593362445
7707.2212349169
7732.9988312073
7748.6519042904
7789.81863199
7799.9121845042
7835.9500397397
7867.150760217
7908.4000863698
7958.0134325991
8004.8032758432
8051.7197885088
8048.1076960188
8094.8368143265
