# D_lambda, wavelength
8.648584660138403706e+03
8.618966438822206328e+03
8.566716013011066025e+03
8.528833496864284825e+03
8.520151946888265229e+03
8.497550630417350476e+03
8.468467266326329991e+03
8.444603397673499785e+03
8.417520165437397736e+03
8.402368361158152766e+03
8.381041183074145010e+03
8.361081411408233180e+03
8.344218227123723409e+03
8.328871344678746027e+03
8.314988159509484831e+03
8.296672011171345730e+03
8.280259760062635905e+03
8.268150404710628209e+03
8.260486460292648189e+03
8.250722625951279042e+03
8.239318606987344538e+03
8.236917625075389878e+03
8.225835195434960042e+03
8.210353018534899093e+03
8.198080655272720833e+03
8.189748454202838730e+03
8.180354553378177116e+03
8.172199675114844467e+03
8.162338200190743919e+03
8.154166962973663431e+03
8.141569173048424091e+03
8.130318162007044521e+03
8.119400751835925803e+03
8.099540594634136141e+03
8.084032036206112025e+03
8.071822340292244917e+03
8.070554452817901620e+03
8.050213321693089711e+03
