# wavelength
4.320000000000000000e+02
4.870000000000000000e+02
5.215000000000000000e+02
5.560000000000000000e+02
5.635000000000000000e+02
5.884000000000000909e+02
6.140000000000000000e+02
6.390000000000000000e+02
6.646000000000000227e+02
6.895000000000000000e+02
7.150000000000000000e+02
7.400000000000000000e+02
7.650000000000000000e+02
7.905000000000000000e+02
8.160000000000000000e+02
8.413000000000000682e+02
8.660000000000000000e+02
8.915999999999999091e+02
9.170000000000000000e+02
9.423999999999999773e+02
9.673000000000000682e+02
9.927000000000000455e+02
1.018000000000000000e+03
1.060000000000000000e+03
1.098000000000000000e+03
1.138000000000000000e+03
1.179000000000000000e+03
1.222000000000000000e+03
1.266000000000000000e+03
1.312000000000000000e+03
1.358000000000000000e+03
1.408000000000000000e+03
1.459000000000000000e+03
1.512000000000000000e+03
1.566000000000000000e+03
1.623000000000000000e+03
1.682000000000000000e+03
1.743000000000000000e+03
