# D_lambda, wavelength
8.556799844795403260e+03
8.626249710580013925e+03
8.692762803239051209e+03
8.767353904883590076e+03
8.782211389287696875e+03
8.819723658807899483e+03
8.858478617122744254e+03
8.892062818794955092e+03
8.941304817366657517e+03
8.935104322673969364e+03
8.957072104669117834e+03
8.980986014379244807e+03
8.997433800212340429e+03
9.011591715375578133e+03
9.021394443132880042e+03
9.040619782929470603e+03
9.060675053228495017e+03
9.071405378379582544e+03
9.068000047505187467e+03
9.068293460463450174e+03
9.081891816896781165e+03
9.072017869632742077e+03
9.088494068928976048e+03
9.093336177818933720e+03
9.111400946717474653e+03
9.106107468617841732e+03
9.114645233643581378e+03
9.118205911278209896e+03
9.138753895518104400e+03
9.136114176454102562e+03
9.151526981983848600e+03
9.162158858418422824e+03
9.178983610164781567e+03
9.198399699216763111e+03
9.212148459849078790e+03
9.229335992663956858e+03
9.222435968623043664e+03
9.232193607989658631e+03
