# D_lambda, wavelength
8.437783029330292266e+03
8.418088881320894870e+03
8.373711870571232794e+03
8.343326268754224657e+03
8.336228749361018345e+03
8.318225294392079377e+03
8.293979594923173863e+03
8.274480940747120258e+03
8.252238663496114896e+03
8.239831050357193817e+03
8.222203205650701420e+03
8.205773328604282142e+03
8.192053962939206031e+03
8.179713090309847757e+03
8.168604851981564934e+03
8.153304217324408455e+03
8.139764512936076244e+03
8.130134022631296830e+03
8.124445746962139310e+03
8.116514668058849566e+03
8.107400229609207599e+03
8.106398777023904586e+03
8.097556364778491115e+03
8.085163806518802630e+03
8.075806658979223357e+03
8.069760265159487062e+03
8.062759590103385563e+03
8.056512269289050892e+03
8.049090776462763642e+03
8.043039758764080943e+03
8.033199825621340096e+03
8.023818465258569631e+03
8.015268482081339243e+03
7.997172511585159555e+03
7.984436185230259071e+03
7.974008874583660145e+03
7.973743568580049214e+03
7.956308185041893921e+03
