# D_lambda, wavelength
6.848088932524865413e+03
6.960826758326099480e+03
7.124660091332612865e+03
7.263947326744846578e+03
7.294082631226661761e+03
7.369586203280098744e+03
7.461434703166958570e+03
7.536788765849733863e+03
7.633744268701226247e+03
7.653234243976680773e+03
7.712965223382828299e+03
7.771435080866417593e+03
7.815624934114251118e+03
7.855318602933092734e+03
7.887908503148133605e+03
7.939425633088692848e+03
7.987661896329156662e+03
8.016254020478452730e+03
8.023378819189019850e+03
8.037622775810548774e+03
8.068229221058431904e+03
8.058700481969216526e+03
8.092978182056232072e+03
8.120035784989321655e+03
8.155981476795192975e+03
8.159067851031487407e+03
8.179380761531795542e+03
8.189254080924634764e+03
8.224410222041344241e+03
8.229425458681327655e+03
8.259619201682833591e+03
8.286749239210023006e+03
8.320593010494814735e+03
8.366522017708599378e+03
8.406630365326183892e+03
8.452176846147962351e+03
8.442977663809191654e+03
8.483642210489249919e+03
