# D_lambda, wavelength
8.782995194598242961e+03
8.843623225175511834e+03
8.904010474554135726e+03
8.972669562704593773e+03
8.986249277499691743e+03
9.019755884352663998e+03
9.054356966599620137e+03
9.084077405511870893e+03
9.129275512474332572e+03
9.119903418269514077e+03
9.138403176044306747e+03
9.158932836011546897e+03
9.172257084948065312e+03
9.183400082438452955e+03
9.190281520290554909e+03
9.206615504965155196e+03
9.223938413378984478e+03
9.232133429396661086e+03
9.226409027465853796e+03
9.224445181521656195e+03
9.235772459229574451e+03
9.223833627831745616e+03
9.237924064812608776e+03
9.239799829391271487e+03
9.254724156230964581e+03
9.246763224354692284e+03
9.252522468059742096e+03
9.253782243038300294e+03
9.271947618889942532e+03
9.266342657427429003e+03
9.280197947802325871e+03
9.287512926788866025e+03
9.302200966601947584e+03
9.318786703836678498e+03
9.330425118156959797e+03
9.346880740833230448e+03
9.335949589493020540e+03
9.345164466749378334e+03
