# D_lambda, wavelength
9.098615506887286756e+03
9.046675979678342628e+03
8.976841155293514021e+03
8.922381014285885612e+03
8.910180092245424021e+03
8.877378176999962307e+03
8.837562571323953307e+03
8.804094703383168962e+03
8.766446329560139930e+03
8.745144385494784729e+03
8.715690695153765773e+03
8.687959256541977084e+03
8.664259105568116865e+03
8.642296905988499930e+03
8.622278939023231942e+03
8.597421424909491179e+03
8.574814048374235426e+03
8.557363306985755116e+03
8.545439083153527463e+03
8.531161777542651180e+03
8.514962648376367724e+03
8.509271676645501429e+03
8.493514096933662586e+03
8.471599266714258192e+03
8.453366393202266408e+03
8.440385311963782442e+03
8.425905895909412720e+03
8.412622455825303405e+03
8.396807963293895227e+03
8.384849564710972118e+03
8.367300018241707221e+03
8.352008037019853873e+03
8.334465691769431942e+03
8.310035742188581935e+03
8.288952395437587256e+03
8.274809044264253316e+03
8.269646440292155603e+03
8.244814891750329480e+03
