# D_lambda, wavelength
8.133567994116575392e+03
8.218417119737365283e+03
8.295616354937918004e+03
8.380644308182416353e+03
8.397784858642176914e+03
8.442362918735901985e+03
8.488509766477525773e+03
8.528979573919403265e+03
8.585418854576975718e+03
8.584882599435350130e+03
8.613154460686444509e+03
8.643083260842620803e+03
8.665086096594664923e+03
8.684773136732992498e+03
8.699879522342191194e+03
8.724366692002604395e+03
8.749430905370503751e+03
8.764819414565750776e+03
8.765622326139198776e+03
8.770197539774038887e+03
8.787895299654181144e+03
8.781652146557573360e+03
8.802063967094265536e+03
8.812916875038379658e+03
8.836243026726475364e+03
8.835702021717239404e+03
8.849022355715052981e+03
8.857618391635014632e+03
8.883566272875121285e+03
8.884762906404386740e+03
8.904639465714180915e+03
8.918964905290316892e+03
8.942126488187373980e+03
8.965402085072904811e+03
8.984404749561081189e+03
9.002934092159242937e+03
9.000405544464683771e+03
9.014287033555556263e+03
