# D_lambda, wavelength
6.985847951460510558e+03
7.082862864565053314e+03
7.238240568363196871e+03
7.369035035270310800e+03
7.397403078519882001e+03
7.467076121712379063e+03
7.553345008632250938e+03
7.623447503736891122e+03
7.715325246726578371e+03
7.730073894066768844e+03
7.785314455147740773e+03
7.839556562005523119e+03
7.879769670217861858e+03
7.915683141638374764e+03
7.944681966513655425e+03
7.992930580486889994e+03
8.038170802997957253e+03
8.063819299515495914e+03
8.068143220578472210e+03
8.079811982090290257e+03
8.108071108938852376e+03
8.096113786274061567e+03
8.128109401705607524e+03
8.152189029048795419e+03
8.185242715409324774e+03
8.185711444888222104e+03
8.203538439872871095e+03
8.211459546741294616e+03
8.244773499823220845e+03
8.247296538192227672e+03
8.276602634692986612e+03
8.300970980209209301e+03
8.333730359974977546e+03
8.377572391708221403e+03
8.416791286470659543e+03
8.461866375435001828e+03
8.449505753012508649e+03
8.491012029207879095e+03
