# D_lambda, wavelength
6.868217689938393960e+03
6.990608439406242724e+03
7.161300544593185805e+03
7.307587819843975012e+03
7.339269890252464393e+03
7.419909141227365581e+03
7.517123381589718520e+03
7.597648073083496456e+03
7.699830170099564384e+03
7.724366667434590454e+03
7.789136383053895770e+03
7.852400765978484742e+03
7.901236858064541593e+03
7.945494276144881951e+03
7.982470133410246490e+03
8.038226475249765826e+03
8.090376683745681476e+03
8.122844353749769652e+03
8.133657982257514050e+03
8.151421137408409777e+03
8.185244623484799376e+03
8.178855064711498926e+03
8.216079755984041185e+03
8.247763066604908090e+03
8.287441105187532230e+03
8.294211354597957325e+03
8.317894994619879071e+03
8.330818671824392368e+03
8.368841745360567074e+03
8.376661216607628376e+03
8.409110650809847357e+03
8.439020337901336461e+03
8.474514245855101763e+03
8.522786306447871539e+03
8.564148935578219607e+03
8.612291067838228628e+03
8.604406388251107273e+03
8.645510940083811875e+03
