# D_lambda, wavelength
8.340391389604406868e+03
8.417898902813192763e+03
8.490007208583838292e+03
8.570044448855784140e+03
8.586098007205000613e+03
8.627285638254101286e+03
8.669881131189049484e+03
8.707038596149852310e+03
8.760015384309705041e+03
8.756739524556134711e+03
8.782003680183002871e+03
8.808995556817022589e+03
8.828337770071970226e+03
8.845355771139429635e+03
8.857915492522794011e+03
8.879850425351887679e+03
8.902483208950707194e+03
8.915608359205905799e+03
8.914363564045514067e+03
8.916848245022923948e+03
8.932646367231456679e+03
8.924504907873775664e+03
8.942953637791295478e+03
8.951128152767883876e+03
8.971790739610407400e+03
8.968955961824676706e+03
8.979891555908281589e+03
8.986477425738992679e+03
9.009266401290073190e+03
9.009141292537269692e+03
9.026311154182398241e+03
9.038843457195633164e+03
9.058926328772366105e+03
9.081023339277071500e+03
9.096773751891772918e+03
9.114652150398749654e+03
9.110937109061635056e+03
9.121864851717842612e+03
