# D_lambda, wavelength
8.157592467295970891e+03
8.247983246700063319e+03
8.328238793921083925e+03
8.416015604068017637e+03
8.433709375063381231e+03
8.480060849265668367e+03
8.527850644573065438e+03
8.569782388041068771e+03
8.627525502996946670e+03
8.628286883677783408e+03
8.657664578445745065e+03
8.688556885017684181e+03
8.711440001611503249e+03
8.731935567514170543e+03
8.747765997224376406e+03
8.772842974169359877e+03
8.798391284578267005e+03
8.814278223519211679e+03
8.815571483505646029e+03
8.820572180407105407e+03
8.838532660307097103e+03
8.832668832134182594e+03
8.853253569638842237e+03
8.864417678011604949e+03
8.887900768663635972e+03
8.887554898586502532e+03
8.900943430106390224e+03
8.909582818793060142e+03
8.935582993915169936e+03
8.936641000911515221e+03
8.956269069455458521e+03
8.970504420891089467e+03
8.993607166698613582e+03
9.016710059215560250e+03
9.035345833794171995e+03
9.053467398719705670e+03
9.050945871608262678e+03
9.063983016668997152e+03
