# D_lambda, wavelength
9.181877777946434435e+03
9.153841433344523466e+03
9.097252746871676209e+03
9.055184916531678027e+03
9.045542784292925717e+03
9.021370838613207525e+03
8.989661302410078861e+03
8.963771320333435142e+03
8.932764796375391597e+03
8.919424453151414127e+03
8.896500413260955611e+03
8.874616371856047408e+03
8.856671736801712541e+03
8.840232723155371787e+03
8.825473136813256133e+03
8.804895660017520640e+03
8.786017467057205067e+03
8.772730997911205122e+03
8.765322112923135137e+03
8.754975647214057972e+03
8.741657002370506234e+03
8.740089149553376046e+03
8.726598153913189890e+03
8.708967200208084250e+03
8.693545004895275270e+03
8.684361740731837926e+03
8.672597669147962733e+03
8.661809005285347666e+03
8.647385784498306748e+03
8.637766377031397496e+03
8.620788273501544609e+03
8.607076345657049387e+03
8.589032698617327696e+03
8.564724469153461541e+03
8.542358668984561518e+03
8.529169818293657954e+03
8.524902087672537164e+03
8.497558509721447990e+03
