# D_lambda, wavelength
8.166659726155600765e+03
8.260805241967595066e+03
8.343448243661177912e+03
8.433586577901052806e+03
8.451784306548026507e+03
8.499802469234873570e+03
8.549244183538750804e+03
8.592734519882073073e+03
8.651978746972210502e+03
8.654228495527439009e+03
8.685000679904076605e+03
8.717184026118207839e+03
8.741300510948902229e+03
8.762988071501886225e+03
8.779943880456330589e+03
8.806036714091636895e+03
8.832498303295133155e+03
8.849313542456882715e+03
8.851509568036264682e+03
8.857349882647413324e+03
8.876002072490507999e+03
8.870911042001884198e+03
8.892092045437726483e+03
8.904226138546689981e+03
8.928448114947084832e+03
8.928865089242399335e+03
8.942888481846322975e+03
8.952128895750811353e+03
8.978708716988581727e+03
8.980169698819428959e+03
9.000064274512831616e+03
9.014701057341479100e+03
9.038201638892905976e+03
9.061581234473536824e+03
9.080291070872825003e+03
9.098432237055752921e+03
9.096281839640507314e+03
9.108892544725687912e+03
