# D_lambda, wavelength
6.864069086640278329e+03
6.983530252350656156e+03
7.151940109241361824e+03
7.295724885536758848e+03
7.326833816956645933e+03
7.405516874144590474e+03
7.500615982831471229e+03
7.579025373602443324e+03
7.678999203232783657e+03
7.701343663754300906e+03
7.763862313193259070e+03
7.824927063527998143e+03
7.871579155033336974e+03
7.913640027635949082e+03
7.948457554457832885e+03
8.002093679210453956e+03
8.052241354262634559e+03
8.082688457715092227e+03
8.091546832911689307e+03
8.107414101012344872e+03
8.139467310386172358e+03
8.131325022040947260e+03
8.166878618963702138e+03
8.195899269013540106e+03
8.233364368446238586e+03
8.237918675465971319e+03
8.259519874562525729e+03
8.270487207373666024e+03
8.306644979569344287e+03
8.312623096388693739e+03
8.343502504872036297e+03
8.371590413366659050e+03
8.405789662167650022e+03
8.452468030956228176e+03
8.492755188952649405e+03
8.539213352939612378e+03
8.530245635521072472e+03
8.570699041348218088e+03
