# D_lambda, wavelength
9.154968352908854285e+03
9.114843857129129901e+03
9.050707086407095630e+03
9.001107874394676401e+03
8.989850148559020454e+03
8.960186547025683467e+03
8.923063704732170663e+03
8.891968980005993217e+03
8.856096896115661366e+03
8.837286939022636943e+03
8.809500171091611264e+03
8.783110676025662542e+03
8.760707431002656449e+03
8.739902409114818511e+03
8.720925157112202214e+03
8.696671400736377109e+03
8.674470878649364749e+03
8.657612662752000688e+03
8.646478612369668554e+03
8.632751329669230472e+03
8.616687186695948185e+03
8.611689543900014542e+03
8.595847479862084583e+03
8.574097575955507637e+03
8.555643548801561337e+03
8.542861238595711256e+03
8.528176728733738855e+03
8.514619935713784798e+03
8.498147079846863562e+03
8.485941199141921970e+03
8.467533763497625841e+03
8.451772895756603248e+03
8.433031483065844441e+03
8.407691249120331122e+03
8.385240882479827633e+03
8.370600933852112576e+03
8.364964956900756079e+03
8.338459873395875547e+03
