# D_lambda, wavelength
6.805935941260443542e+03
6.908768293192091733e+03
7.066513292265708515e+03
7.200414284786571443e+03
7.229440844706336065e+03
7.301477864544159274e+03
7.389938953593744372e+03
7.462306965519971527e+03
7.556467619104556434e+03
7.573437293967644109e+03
7.630832388223374437e+03
7.687243601811610461e+03
7.729581204823921325e+03
7.767591957370201271e+03
7.798684902827868427e+03
7.848817656213147529e+03
7.895895484550940637e+03
7.923431168268324654e+03
7.929620602109000174e+03
7.943036650607471529e+03
7.972979518458656457e+03
7.962859252125143030e+03
7.996631447820923313e+03
8.022965518216684359e+03
8.058482021388368594e+03
8.061195719548441957e+03
8.081292728299716146e+03
8.091154191052441092e+03
8.126335375997495248e+03
8.131389654540410447e+03
8.161846628257696466e+03
8.188932322259034663e+03
8.223341406999095852e+03
8.269344692257041970e+03
8.310096260908283512e+03
8.355451414195913458e+03
8.346770194839426040e+03
8.388366760131993942e+03
